-1.8461035787847073e-05
-1.575171293873952e-05
-1.286513672777535e-05
-9.825390917491933e-06
-6.658255894289783e-06
-3.390991144227118e-06
-5.210169512330386e-08
3.3289094908326862e-06
6.72180104136084e-06
1.0095862352294435e-05
1.3420190045796932e-05
1.6663969244295612e-05
1.979675712703195e-05
2.278876618971797e-05
2.5611144604401095e-05
2.823625107670342e-05
3.063792162134039e-05
3.279172572425448e-05
3.467520943062299e-05
3.6268122992013356e-05
3.7552630822444034e-05
3.851350165124313e-05
3.913827691935741e-05
3.941741564392757e-05
3.934441417211399e-05
3.8915899457740333e-05
3.813169472158678e-05
3.6994856596205655e-05
3.551168310692358e-05
3.3691692100092e-05
3.154756999538797e-05
2.9095091008732758e-05
2.6353007263776586e-05
2.3342910480462736e-05
2.0089066196471495e-05
1.661822173889053e-05
1.2959389416829143e-05
9.143606648494138e-06
5.203674966144207e-06
1.173880057101927e-06
-2.910304803507196e-06
-7.0125293943992955e-06
-1.1095888573177955e-05
-1.5123252859512174e-05
-1.9057604641199062e-05
-2.286237698349019e-05
-2.6501791964373946e-05
-2.9941195428355204e-05
-3.314738504927538e-05
-3.6088928619230845e-05
-3.8736469535783955e-05
-4.10630165432669e-05
-4.304421489563914e-05
-4.465859624739392e-05
-4.5887804744484534e-05
-4.671679697795882e-05
-4.7134013677509944e-05
-4.713152125879355e-05
-4.6705121595218365e-05
-4.5854428659864506e-05
-4.458291097391456e-05
-4.289789910199412e-05
-4.0810557749465385e-05
-3.8335822339215594e-05
-3.549230027292847e-05
-3.230213741124956e-05
-2.8790850635604835e-05
-2.4987127678640816e-05
-2.0922595727242954e-05
-1.6631560608810778e-05
-1.2150718664923074e-05
-7.518843693806291e-06
-2.7764516013182816e-06
2.0345543631771096e-06
6.8712546971405135e-06
1.1690097786389754e-05
1.6447293665248508e-05
2.1099213835494283e-05
2.5602793488996616e-05
2.991593241687033e-05
3.399789086014149e-05
3.780967656401417e-05
4.131441934020865e-05
4.447772951954707e-05
4.726803678969498e-05
4.965690606008425e-05
5.161932717657453e-05
5.313397552104342e-05
5.4183440774204265e-05
5.475442139158163e-05
5.483788264049173e-05
5.4429176367540394e-05
5.352812100878532e-05
5.2139040715279825e-05
5.027076284197984e-05
4.793657343453796e-05
4.515413074274141e-05
4.194533718758643e-05
3.833617060742425e-05
3.435647600344213e-05
3.0039719392092698e-05
2.542270574814684e-05
2.054526338304163e-05
1.5449897445472392e-05
1.0181415551199853e-05
4.78652884346456e-06
-6.865679489361123e-07
-6.18863365484172e-06
-1.1669831004400793e-05
-1.7080186009314714e-05
-2.2370052091239113e-05
-2.749057458566026e-05
-3.2394151205809086e-05
-3.703488405079223e-05
-4.136901878457849e-05
-4.535536669781884e-05
-4.89557054923257e-05
-5.2135154797582435e-05
-5.486252263867879e-05
-5.7110619323923946e-05
-5.885653550603691e-05
-6.0081881490812346e-05
-6.077298521871408e-05
-6.092104672479954e-05
-6.052224728726111e-05
-5.9577811900936756e-05
-5.809402415536556e-05
-5.608219305313931e-05
-5.3558571769011834e-05
-5.0544228818946906e-05
-4.7064872576388533e-05
-4.315063053585264e-05
-3.883578517680777e-05
-3.415846871911491e-05
-2.916031948052232e-05
-2.388610294248528e-05
-1.838330099872537e-05
-1.2701673197516518e-05
-6.892794090019194e-06
-1.0095710597343985e-06
4.894252770666726e-06
1.0764605781868879e-05
1.6547600345847273e-05
2.2190045572648248e-05
2.7639955296149335e-05
3.284704629569893e-05
3.776322181763019e-05
4.234303557780666e-05
4.65441315928233e-05
5.032765540196519e-05
5.365863250273665e-05
5.650631012743048e-05
5.884445883406325e-05
6.0651630768850135e-05
6.191137187561763e-05
6.261238577613305e-05
6.274864751991604e-05
6.231946589801377e-05
6.132949352754072e-05
5.978868443735675e-05
5.7712199414781724e-05
5.5120259903298204e-05
5.203795176631401e-05
4.849498074677328e-05
4.4525381951313423e-05
4.016718616549096e-05
3.54620462582144e-05
3.045482735406668e-05
2.519316483706176e-05
1.972699459431537e-05
1.4108060209228776e-05
8.389402067653177e-06
2.624833544133225e-06
-3.131590413746397e-06
-8.82610688860855e-06
-1.4405775329559923e-05
-1.9818999183486163e-05
-2.5016033456919776e-05
-2.994947297421022e-05
-3.457471628349736e-05
-3.8850400401756594e-05
-4.273880188174132e-05
-4.620620002424573e-05
-4.922319844541981e-05
-5.176500163708616e-05
-5.3811643623806626e-05
-5.5348166319118125e-05
-5.636474570973949e-05
-5.685676454520753e-05
-5.682483077556554e-05
-5.62747415554396e-05
-5.521739321296386e-05
-5.3668638160333234e-05
-5.1649090293017786e-05
-4.918388098065228e-05
-4.63023682882124e-05
-4.3037802575371424e-05
-3.9426952099210885e-05
-3.5509692685340166e-05
-3.132856592995315e-05
-2.692831074580626e-05
-2.2355373364435677e-05
-1.7657401151538705e-05
-1.2882725779315146e-05
-8.079841426288881e-06
-3.29688373993521e-06
1.418884700767143e-06
6.021576747373551e-06
1.0467165317899837e-05
1.4713944942876933e-05
1.8722965105208706e-05
2.2458430563060127e-05
2.588806420566346e-05
2.8983428404025376e-05
3.172020127779691e-05
3.4078404801198666e-05
3.604258220955273e-05
3.7601922737855994e-05
3.875033231776468e-05
3.9486449472810365e-05
3.981360627686133e-05
3.973973487080398e-05
3.927722066005709e-05
3.844270393373108e-05
3.725683224792386e-05
3.574396649384734e-05
3.393184411946156e-05
3.185120348457202e-05
2.953537379781727e-05
2.701983550394553e-05
2.4341756356056636e-05
2.1539508715449155e-05
1.8652173867338238e-05
1.5719039320664722e-05
1.277909517186493e-05
9.870535653941433e-06
7.030271962374958e-06
4.293462348043858e-06
1.6930652949034418e-06
-7.405786419502279e-07
-2.9801310718947825e-06
-5.0016011864414e-06
-6.784647902516507e-06
-8.31283476659835e-06
-9.573834197907831e-06
-1.0559578237319133e-05
-1.126635359626859e-05
-1.1694839459767868e-05
-1.1850087182353193e-05
-1.1741441717678271e-05
-1.1382405333504039e-05
-1.0790444875825216e-05
-9.986744550506332e-06
-8.995906879738803e-06
-7.845605155634364e-06
-6.5661913462546965e-06
-5.190264002554518e-06
-3.752201260622525e-06
-2.2876645252680953e-06
-8.330788519515862e-07
5.749035915374406e-07
1.8999503095341191e-06
3.106598618329212e-06
4.160802113632017e-06
5.0304663832681944e-06
5.685966912186399e-06
6.100642241272088e-06
6.251255640712271e-06
6.118418841601773e-06
5.686971734031662e-06
4.94631238298889e-06
3.890672230990329e-06
2.519331943547764e-06
8.367740044884553e-07
-1.147231123788758e-06
-3.4176077022627974e-06
-5.954027907144553e-06
-8.731036306934549e-06
-1.171824556378828e-05
-1.4880602427940686e-05
-1.8178722219324456e-05
-2.1569289121788095e-05
-2.5005518762667956e-05
-2.8437678724113478e-05
-3.181366184254715e-05
-3.507960640876803e-05
-3.818055669291004e-05
-4.106115659469577e-05
-4.366636866853654e-05
-4.5942210302686915e-05
-4.783649844872914e-05
-4.929959400813965e-05
-5.028513679157871e-05
-5.075076187784366e-05
-5.0658788216018356e-05
-4.997687043796745e-05
-4.86786050795201e-05
-4.6744082746797646e-05
-4.416037820727813e-05
-4.092197093024651e-05
-3.7031089243931464e-05
-3.249797201138607e-05
-2.7341042547387872e-05
-2.1586990396602626e-05
-1.5270757560239774e-05
-8.435426784771489e-06
-1.132010601482657e-06
6.580859081566141e-06
1.4637339895007102e-05
2.2964884338943375e-05
3.1484838284275395e-05
4.011312825948853e-05
4.876103202284046e-05
5.733602584330935e-05
6.574270088826973e-05
7.388374015416623e-05
8.166094649042864e-05
8.897631146790524e-05
9.573311414178218e-05
0.00010183703816504589
0.00010719729523071007
0.0001117277424668827
0.0001153479811846054
0.00011798442428931695
0.00011957131971637834
0.00012005171744153388
0.00011937836794911332
0.00011751454051332721
0.00011443475025871022
0.00011012538371062895
0.00010458521342022652
9.782579324318044e-05
8.987172695966848e-05
8.076080413408472e-05
7.054399841609462e-05
5.92853248671712e-05
4.7061554345295364e-05
3.396178448058153e-05
2.008686831091991e-05
5.5487032033567785e-06
-9.530615752584065e-06
-2.5019772145899352e-05
-4.077932718803532e-05
-5.666293247754088e-05
-7.251864645594667e-05
-8.819034309798788e-05
-0.00010351920014752484
-0.00011834525308942995
-0.00013250900005136777
-0.00014585304197080478
-0.00015822374165348627
-0.0001694728848003808
-0.00017945932569951142
-0.00018805060007437825
-0.00019512448755719825
-0.00020057050641658007
-0.0002042913235171333
-0.00020620406302262372
-0.00020624149807235066
-0.00020435311055816234
-0.00020050600520069456
-0.00019468566535983577
-0.00018689653940597486
-0.00017716244801341152
-0.00016552680440176353
-0.000152052641330101
-0.00013682244052517996
-0.00011993776218158704
-0.00010151867418868551
-8.170298279694007e-05
-6.0645268513627484e-05
-3.851573309376486e-05
-1.549886554458316e-05
8.208062930770007e-06
3.2396663184080046e-05
5.6849237848893166e-05
8.134072108130643e-05
0.00010564073123815194
0.00012951571794922727
0.00015273118373892284
0.0001750539592329554
0.00019625451006256066
0.00021610925286412626
0.00023440285727770142
0.00025093051058170193
0.0002655001215698919
0.000277934440484405
0.000288073072266841
0.00029577436107749327
0.00030091712495721064
0.00030340222066145534
0.00030315392007346773
0.00030012108119237263
0.0002942780984794884
0.00028562561931669034
0.0002741910154670259
0.00026002860071045104
0.00024321958823538486
0.00022387178387696315
0.0002021190138812501
0.0001781202885159237
0.00015205870551586174
0.00012414010001977655
9.459145029432229e-05
6.365905112763204e-05
3.160646927785792e-05
-1.2877022426506736e-06
-3.473227200633674e-05
-6.842603899021326e-05
-0.00010206051931583997
-0.0001353227861356938
-0.00016789839640414154
-0.00019947437702663286
-0.00022974224189547607
-0.00025840101060811737
-0.00028516019923507225
-0.0003097427533676781
-0.0003318878938358595
-0.0003513538459453797
-0.00036792042384184084
-0.00038139144266114057
-0.0003915969324663188
-0.0003983951295888493
-0.00040167422287555154
-0.0004013538344747326
-0.00039738621715845317
-0.0003897571527509152
-0.0003784865389924956
-0.00036362865508929554
-0.00034527209925172114
-0.00032353939468334126
-0.00029858626371250067
-0.00027060057303215137
-0.00023980095629566448
-0.00020643512357498722
-0.0001707778703893648
-0.00013312880212504154
-9.380979265657e-05
-5.3162198817114814e-05
-1.1543855018206595e-05
3.0674125239936814e-05
7.31107120250261e-05
0.00011537845491636257
0.0001570870797045877
0.00019784715197144104
0.0002372737726510351
0.0002749902699880951
0.00031063185196928826
0.00034384918331814844
0.00037431185151566576
0.00040171168703719863
0.0004257659040782837
0.0004462200294697688
0.00046285058924556245
0.0004754675244097518
0.00048391630983606705
0.0004880797529006028
0.00048787945137427464
0.00048327689325771
0.0004742741845986683
0.0004609143948587957
0.0004432815130587245
0.0004215000116926991
0.0003957340192292411
0.00036618610586499077
0.0003330956910364422
0.00029673708498017696
0.0002574171803280214
0.0002154728132914413
0.00017126781739262758
0.00012518979590259597
7.76466421154606e-05
2.9062839291198166e-05
-2.012442549259289e-05
-6.946929725264777e-05
-0.00011852140070653692
-0.0001668300601276725
-0.00021394855100754815
-0.0002594383424831964
-0.00030287328929057576
-0.0003438437322157456
-0.0003819604666361156
-0.0004168585397704459
-0.00044820083868125183
-0.00047568143288526256
-0.000499028637611101
-0.0005180077662789789
-0.0005324235436418452
-0.0005421221541944414
-0.0005469929038963039
-0.0005469694769340433
-0.0005420307731317592
-0.000532201315668441
-0.000517551222937937
-0.0004981957426492397
-0.0004742943505701129
-0.00044604942062227953
-0.00041370447729819205
-0.0003775420455445873
-0.00033788111730400673
-0.0002950742577807082
-0.00024950437816189807
-0.00020158120494080206
-0.0001517374791190067
-0.00010042492137858214
-4.8110001779705606e-05
4.730445369867794e-06
5.761371913408597e-05
0.00011005581844085956
0.0001615760329867492
0.0002117015136909665
0.00025997177788136886
0.0003059431048908723
0.00034919277868541347
0.0003893231355266651
0.00042596537648206334
0.00045878310681475267
0.00048747556689600775
0.0005117805222575871
0.0005314767837125581
0.0005463863320880153
0.0005563760259962011
0.0005613588751832476
0.0005612948662960647
0.0005561913323545809
0.0005461028617637593
0.0005311307473014608
0.0005114219801274751
0.0004871677984287752
0.0004586018047993826
0.00042599767080397265
0.00038966645134750044
0.00034995353542535473
0.0003072352635186327
0.0002619152452884034
0.00021442041427562118
0.00016519685899730042
0.00011470547211607568
6.341746122471568e-05
1.1809766209239896e-05
-3.9639570881789335e-05
-9.045603703952215e-05
-0.0001401732341271094
-0.00018833737335802303
-0.000234511633367021
-0.00027828033821548275
-0.0003192529135189402
-0.00035706758116354267
-0.0003913947557670355
-0.00042194010911150633
-0.00044844727219833796
-0.0004707001483155286
-0.0004885248145252876
-0.0005017909932341619
-0.0005104130799547673
-0.0005143507179612754
-0.0005136089152322474
-0.0005082377038151373
-0.0004983313464870817
-0.00048402710027663085
-0.0004655035510013826
-0.00044297853741855005
-0.0004167066878322439
-0.00038697659600754657
-0.00035410766696460316
-0.00031844666662616535
-0.0002803640123328096
-0.0002402498438887076
-0.0001985099170286836
-0.00015556136298015358
-0.00011182835911184592
-6.773775650035427e-05
-2.371471059602206e-05
1.982163897290943e-05
6.246239405358626e-05
0.00010381298479541918
0.00014349707496152765
0.00018116024508831136
0.00021647341534545962
0.00024913597284734375
0.0002788785714443876
0.0003054655756447252
0.00032869712424339544
0.0003484107934263081
0.00036448284352403454
0.0003768290381685124
0.00038540502930431913
0.00039020630627421734
0.0003912677119841954
0.0003886625339039071
0.0003825011823221525
0.0003729294728025524
0.0003601265341219034
0.00034430236707484047
0.0003256950833477951
0.0003045678571601792
0.0002812056255020452
0.00025591157552984036
0.00022900345998422533
0.00020080978333984707
0.00017166590276495528
0.00014191008884258295
0.00011187959137378378
8.190675544182666e-05
5.231523226463757e-05
2.341632820708963e-05
-4.4944663233684846e-06
-3.114072849769995e-05
-5.626809817909921e-05
-7.964698250732648e-05
-0.00010107493932540152
-0.00012037871257036356
-0.00013741589681416918
-0.00015207621247483944
-0.00016428237777353782
-0.00017399056823956047
-0.00018119045940926483
-0.0001859048532721483
-0.00018818889393205993
-0.00018812888281789778
-0.00018584070854041554
-0.00018146791109504103
-0.00017517940450151353
-0.0001671668860983739
-0.00015764196452522225
-0.00014683304188279348
-0.00013498198861861018
-0.00012234065230684173
-0.00010916724364229847
-9.572264462258956e-05
-8.226668502717919e-05
-6.905443390091911e-05
-5.6332552802098085e-05
-4.4335757076754e-05
-3.3283430373730326e-05
-2.3376436026823037e-05
-1.4794166815581979e-05
-7.691871995280637e-06
-2.1982973855167853e-06
1.5863292422225411e-06
3.5919391975948264e-06
3.779866372980653e-06
2.1436739115866358e-06
-1.2904503391905264e-06
-6.4637388333539355e-06
-1.3285333739149595e-05
-2.163321931245401e-05
-3.135559035128921e-05
-4.2272644444208526e-05
-5.41787804050306e-05
-6.684518011624485e-05
-8.002274604468484e-05
-9.344536200538496e-05
-0.00010683344039007974
-0.00011989771509958119
-0.00013234323587457605
-0.00014387351665316687
-0.00015419478803671864
-0.0001630203019538971
-0.0001700746352058734
-0.00017509793777698292
-0.00017785007162146352
-0.00017811458609824467
-0.00017570247732499127
-0.00017045568045548283
-0.0001622502462394354
-0.00015099915618244338
-0.00013665473416016083
-0.00011921061642266616
-9.870324651312582e-05
-7.521286667413145e-05
-4.886398277447024e-05
-1.9825285602271468e-05
1.1690982523485722e-05
4.543022053732392e-05
8.109721902865527e-05
0.00011835845990028639
0.00015684495032814637
0.00019615556952985573
0.0002358609004473971
0.0002755075122552499
0.0003146226536928222
0.00035271931165975934
0.0003893015843727111
0.0004238703137266514
0.00045592891739271516
0.0004849893576724403
0.0005105781812640911
0.0005322425619228203
0.0005495562765482081
0.0005621255445381354
0.000569594660327048
0.0005716513498913177
0.0005680317836580007
0.0005585251806906017
0.0005429779422326601
0.0005212972566445393
0.00049345412243972
0.000459485741474915
0.00041949724032609145
0.0003736626844352124
0.00032222535667821066
0.00026549727951490147
0.00020385796776191487
0.0001377524072007283
6.76882626106788e-05
-5.767672686044424e-06
-8.199376515396414e-05
-0.00016031853817101904
-0.0002400263405659961
-0.0003203636411185967
-0.0004005458958507122
-0.0004797649276413962
-0.0005571967509148354
-0.0006320097679618648
-0.0007033732579377022
-0.0007704660748020478
-0.000832485466496179
-0.000888655924541288
-0.0009382379710408293
-0.0009805367888160047
-0.001014910600127135
-0.001040778700154136
-0.0010576290531359122
-0.0010650253618000205
-0.0010626135244386715
-0.0010501273986824658
-0.0010273937966562485
-0.000994336642728626
-0.0009509802324345382
-0.0008974515392956559
-0.0008339815251140303
-0.0007609054187894895
-0.0006786619387223144
-0.0005877914443140408
-0.0004889330128694054
-0.0003828204492246424
-0.00027027724657090077
-0.00015221052809276064
-2.960401008517026e-05
9.648996196852181e-05
0.00022495924239500923
0.00035464150741717
0.00048433458887703
0.0006128074293535322
0.0007388115604142438
0.000861092998588513
0.0009784044474525882
0.0010895176890537118
0.0011932360438395985
0.001288406775361165
0.0013739333143279102
0.0014487871761533475
0.0015120194469564817
0.0015627717150959793
0.0016002863287049472
0.0016239158643515266
0.0016331316978461586
0.0016275315753096012
0.0016068460908531276
0.0015709439865378213
0.001519836200595669
0.0014536786011221802
0.0013727733544887973
0.0012775688904642071
0.001168658439358828
0.0010467771302907303
0.000912797653782103
0.0007677245061960597
0.0006126868478731475
0.00044893002108206497
0.000277805787915387
0.00010076136189461606
-8.067267984249984e-05
-0.0002648955044544405
-0.0004502500404428451
-0.0006350377821465571
-0.0008175342503190094
-0.0009960049689057122
-0.0011687218108773119
-0.0013339795600606113
-0.001490112531422745
-0.0016355110892669125
-0.0017686379013420904
-0.0018880437669897333
-0.0019923828591680457
-0.002080427223513833
-0.0021510803825120694
-0.0022033898993171325
-0.002236558763764175
-0.0022499554725656855
-0.002243122686533035
-0.002215784359807133
-0.002167851249423517
-0.002099424727959621
-0.002010798837387482
-0.001902460538445057
-0.0017750881266945884
-0.0016295478038001968
-0.0014668884102648088
-0.0012883343437492905
-0.0010952767049808505
-0.0008892627309681398
-0.0006719835926011745
-0.0004452606505508219
-0.00021103027952383777
2.867261379125719e-05
0.0002717322394947385
0.0005159705872862708
0.000759166938871185
0.0009990780551967014
0.0012334588549955934
0.0014600833940267323
0.0016767659490714785
0.0018813820072447953
0.002071888959565671
0.002246346298040893
0.0024029351177685745
0.002539976729763821
0.0026559501963299534
0.0027495086088074913
0.002819493937373179
0.002864950294158116
0.002885135464214645
0.0028795305736762436
0.0028478477806969152
0.002790035892284977
0.0027062838288052066
0.0025970218775447974
0.0024629206971432172
0.0023048880556851056
0.002124063306652218
0.0019218096285227987
0.0016997040753882735
0.0014595255073193549
0.0012032404901484077
0.0009329872746357443
0.0006510579844523843
0.00035987916084458295
6.199082905802896e-05
-0.0002399757325859182
-0.0005433213258195774
-0.0008453030600886388
-0.0011431592563888612
-0.001434134800224031
-0.0017155067100057997
-0.001984609682755042
-0.0022388613767298894
-0.0024757871906405065
-0.0026930443014364287
-0.0028884447272683905
-0.0030599771891104146
-0.0032058275536349474
-0.0033243976511974625
-0.003414322276119447
-0.003474484191751347
-0.0035040269799217166
-0.003502365593188073
-0.00346919448863435
-0.0034044932436286157
-0.0033085295767676733
-0.003181859720984578
-0.0030253261202623054
-0.0028400524463545206
-0.0026274359571286485
-0.002389137243378813
-0.0021270674359662543
-0.0018433729696920435
-0.0015404180241534776
-0.0012207647847482645
-0.0008871516887434219
-0.0005424698417019809
-0.0001897378083547201
0.000167925000975428
0.0005273261122183913
0.0008852286885323137
0.001238380890558227
0.0015835456277598838
0.001917530426778277
0.0022372171393957993
0.0025395912119636384
0.002821770240024696
0.0030810315363652145
0.0033148384478285074
0.003520865165875719
0.0036970197880089096
0.0038414654016840585
0.003952638979115727
0.004029267890268381
0.004070383862178003
0.004075334235367924
0.004043790392313057
0.003975753258448749
0.003871555802881803
0.0037318624934971536
0.0035576656893094743
0.003350278981422403
0.0031113275225616273
0.0028427354135717826
0.0025467102432408795
0.0022257249050722425
0.0018824968409003869
0.0015199648862889402
0.0011412639162112575
0.0007496975113654377
0.0003487088853979617
-5.8149668896208796e-05
-0.00046724854084576056
-0.0008749134840831356
-0.0012774589226638591
-0.0016712215764742562
-0.002052594096405799
-0.002418058397777253
-0.0027642183813982035
-0.0030878317354978723
-0.003385840518471928
-0.003655400231980558
-0.0038939071062890013
-0.004099023334776284
-0.00426870001212215
-0.0044011975506644445
-0.004495103371624311
-0.004549346692127376
-0.004563210254988061
-0.004536338875835833
-0.004468744711094773
-0.004360809180315659
-0.004213281507126281
-0.0040272738743250686
-0.0038042532201038714
-0.003546029733752845
-0.0032547421401783634
-0.002932839892860572
-0.0025830624242023487
-0.0022084156302958416
-0.0018121457936865724
-0.0013977111724917553
-0.0009687515069879048
-0.0005290557153001217
-8.252806789872289e-05
0.0003668468539423783
0.0008150400979035572
0.0012580148510162295
0.0016917631863817974
0.0021123427082490654
0.0025159127569786086
0.0028987698380717546
0.00325738194523597
0.003588421456355689
0.0038887962931668696
0.0041556790502946545
0.0043865338169783484
0.004579140435121562
0.00473161596008706
0.004842433115701218
0.004910435562015455
0.0049348498232448
0.004915293753702851
0.004851781451197855
0.004744724559954429
0.00459492993837714
0.004403593700566351
0.004172291674119969
0.003902966350091788
0.0035979104337151313
0.003259747136330664
0.002891407379578906
0.0024961041120404558
0.002077303965853314
0.001638696506145492
0.0011841613491497221
0.000717733445393318
0.0002435668421811692
-0.00023410274546082624
-0.0007109962142884375
-0.0011828298529109548
-0.0016453542670048268
-0.0020943930919842626
-0.0025258811365088895
-0.0029359016045938458
-0.0033207220517602544
-0.0036768287415596783
-0.00400095908283031
-0.004290131845071177
-0.004541674869200651
-0.004753250013517378
-0.004922875099699925
-0.005048942650937031
-0.005130235243523204
-0.005165937324214463
-0.005155643378030748
-0.00509936236471413
-0.004997518376394625
-0.004850947503858236
-0.004660890933830421
-0.004428984334555118
-0.004157243621339167
-0.0038480472273221666
-0.0035041150372074367
-0.003128484172746185
-0.0027244818481116807
-0.0022956955406573014
-0.001845940747663329
-0.001379226622305315
-0.0008997198020073217
-0.0004117067593872702
8.044498000321964e-05
0.0005723263981295702
0.001059526960574773
0.0015376746415829182
0.002002475630574762
0.0024497533553118124
0.0028754864629224586
0.0032758454093763847
0.0036472273206165553
0.003986288804315756
0.00428997640997157
0.004555554456616436
0.004780629971598039
0.0049631745104552795
0.005101542656629219
0.0051944870303394656
0.005241169668139529
0.005241169668139526
0.005194487030339458
0.005101542656629204
0.00496317451045526
0.0047806299715980145
0.004555554456616407
0.004289976409971538
0.003986288804315717
0.0036472273206165132
0.0032758454093763404
0.00287548646292241
0.0024497533553117607
0.0020024756305747093
0.0015376746415828627
0.001059526960574716
0.0005723263981295125
8.04449800031618e-05
-0.0004117067593873278
-0.0008997198020073787
-0.0013792266223053705
-0.0018459407476633827
-0.0022956955406573535
-0.00272448184811173
-0.0031284841727462318
-0.003504115037207479
-0.003848047227322205
-0.004157243621339202
-0.004428984334555148
-0.004660890933830446
-0.004850947503858256
-0.00499751837639464
-0.005099362364714141
-0.005155643378030752
-0.005165937324214463
-0.0051302352435231985
-0.005048942650937019
-0.0049228750996999065
-0.004753250013517357
-0.0045416748692006246
-0.004290131845071145
-0.004000959082830277
-0.00367682874155964
-0.0033207220517602128
-0.0029359016045938
-0.0025258811365088418
-0.0020943930919842114
-0.0016453542670047739
-0.0011828298529109008
-0.0007109962142883827
-0.00023410274546077064
0.00024356684218122465
0.0007177334453933728
0.001184161349149776
0.0016386965061455443
0.002077303965853364
0.0024961041120405043
0.0028914073795789515
0.0032597471363307066
0.0035979104337151694
0.0039029663500918235
0.004172291674119999
0.004403593700566377
0.004594929938377162
0.004744724559954446
0.004851781451197866
0.004915293753702858
0.004934849823244803
0.004910435562015452
0.00484243311570121
0.004731615960087046
0.0045791404351215445
0.004386533816978325
0.004155679050294628
0.0038887962931668392
0.0035884214563556547
0.0032573819452359322
0.002898769838071714
0.002515912756978565
0.0021123427082490195
0.0016917631863817497
0.00125801485101618
0.0008150400979035069
0.0003668468539423274
-8.252806789877366e-05
-0.0005290557153001722
-0.0009687515069879543
-0.0013977111724918037
-0.0018121457936866197
-0.0022084156302958863
-0.00258306242420239
-0.002932839892860611
-0.0032547421401784003
-0.0035460297337528784
-0.0038042532201039004
-0.004027273874325092
-0.004213281507126304
-0.004360809180315677
-0.004468744711094785
-0.0045363388758358405
-0.004563210254988063
-0.004549346692127375
-0.004495103371624304
-0.004401197550664433
-0.004268700012122137
-0.004099023334776266
-0.0038939071062889796
-0.0036554002319805325
-0.0033858405184718993
-0.00308783173549784
-0.002764218381398169
-0.002418058397777215
-0.0020525940964057593
-0.0016712215764742146
-0.001277458922663816
-0.0008749134840830917
-0.00046724854084571643
-5.8149668896164086e-05
0.0003487088853980059
0.0007496975113654811
0.0011412639162113002
0.0015199648862889812
0.0018824968409004263
0.0022257249050722802
0.002546710243240914
0.0028427354135718156
0.003111327522561657
0.00335027898142243
0.0035576656893094977
0.0037318624934971727
0.0038715558028818192
0.003975753258448762
0.004043790392313066
0.004075334235367929
0.004070383862178004
0.0040292678902683786
0.00395263897911572
0.0038414654016840476
0.0036970197880088957
0.0035208651658757023
0.003314838447828487
0.0030810315363651915
0.0028217702400246698
0.002539591211963611
0.0022372171393957685
0.0019175304267782447
0.00158354562775985
0.001238380890558192
0.0008852286885322778
0.0005273261122183547
0.00016792500097539137
-0.00018973780835475647
-0.0005424698417020173
-0.0008871516887434572
-0.0012207647847482987
-0.0015404180241535106
-0.0018433729696920751
-0.0021270674359662846
-0.0023891372433788405
-0.002627435957128674
-0.0028400524463545436
-0.0030253261202623258
-0.0031818597209845962
-0.0033085295767676876
-0.003404493243628627
-0.0034691944886343588
-0.0035023655931880776
-0.003504026979921719
-0.0034744841917513456
-0.003414322276119443
-0.0033243976511974564
-0.0032058275536349374
-0.0030599771891104033
-0.0028884447272683766
-0.002693044301436412
-0.0024757871906404875
-0.0022388613767298686
-0.0019846096827550196
-0.0017155067100057752
-0.0014341348002240057
-0.0011431592563888346
-0.0008453030600886114
-0.0005433213258195497
-0.00023997573258589087
6.199082905805709e-05
0.0003598791608446106
0.0006510579844524113
0.000932987274635771
0.0012032404901484333
0.001459525507319379
0.001699704075388296
0.0019218096285228208
0.0021240633066522377
0.0023048880556851238
0.002462920697143233
0.0025970218775448113
0.0027062838288052183
0.002790035892284987
0.002847847780696923
0.002879530573676249
0.0028851354642146485
0.002864950294158118
0.0028194939373731784
0.0027495086088074883
0.0026559501963299486
0.002539976729763814
0.0024029351177685663
0.002246346298040882
0.0020718889595656596
0.0018813820072447823
0.0016767659490714638
0.0014600833940267162
0.001233458854995577
0.0009990780551966838
0.0007591669388711675
0.0005159705872862531
0.00027173223949471964
2.8672613791238422e-05
-0.00021103027952385625
-0.0004452606505508402
-0.0006719835926011921
-0.0008892627309681576
-0.0010952767049808671
-0.0012883343437493065
-0.001466888410264824
-0.0016295478038002107
-0.0017750881266946018
-0.0019024605384450688
-0.002010798837387492
-0.00209942472795963
-0.002167851249423525
-0.002215784359807139
-0.0022431226865330407
-0.00224995547256569
-0.002236558763764178
-0.0022033898993171334
-0.0021510803825120694
-0.0020804272235138326
-0.001992382859168043
-0.0018880437669897294
-0.0017686379013420858
-0.0016355110892669069
-0.0014901125314227387
-0.0013339795600606043
-0.001168721810877304
-0.0009960049689057037
-0.0008175342503190005
-0.0006350377821465481
-0.00045025004044283573
-0.00026489550445443094
-8.067267984249013e-05
0.00010076136189462586
0.0002778057879153967
0.00044893002108207435
0.0006126868478731566
0.0007677245061960687
0.0009127976537821121
0.0010467771302907387
0.0011686584393588361
0.0012775688904642143
0.0013727733544888047
0.0014536786011221869
0.001519836200595675
0.0015709439865378265
0.0016068460908531322
0.0016275315753096053
0.001633131697846163
0.00162391586435153
0.0016002863287049498
0.0015627717150959815
0.0015120194469564834
0.0014487871761533488
0.0013739333143279108
0.0012884067753611654
0.0011932360438395987
0.0010895176890537116
0.0009784044474525873
0.0008610929985885122
0.0007388115604142431
0.0006128074293535316
0.00048433458887702863
0.00035464150741716866
0.00022495924239500804
9.64899619685203e-05
-2.9604010085171474e-05
-0.00015221052809276243
-0.0002702772465709023
-0.000382820449224644
-0.0004889330128694072
-0.0005877914443140425
-0.0006786619387223167
-0.0007609054187894917
-0.0008339815251140321
-0.0008974515392956584
-0.0009509802324345406
-0.000994336642728628
-0.0010273937966562504
-0.0010501273986824684
-0.0010626135244386748
-0.0010650253618000234
-0.0010576290531359156
-0.00104077870015414
-0.001014910600127139
-0.0009805367888160088
-0.0009382379710408334
-0.0008886559245412923
-0.0008324854664961835
-0.0007704660748020525
-0.0007033732579377072
-0.0006320097679618699
-0.0005571967509148408
-0.0004797649276414019
-0.00040054589585071765
-0.00032036364111860254
-0.00024002634056600198
-0.00016031853817102492
-8.199376515396993e-05
-5.767672686050133e-06
6.768826261067296e-05
0.00013775240720072279
0.00020385796776190964
0.00026549727951489675
0.0003222253566782062
0.0003736626844352083
0.0004194972403260881
0.00045948574147491205
0.0004934541224397174
0.0005212972566445374
0.0005429779422326591
0.0005585251806906012
0.0005680317836580012
0.0005716513498913186
0.0005695946603270496
0.0005621255445381382
0.0005495562765482115
0.0005322425619228246
0.0005105781812640964
0.0004849893576724463
0.00045592891739272193
0.000423870313726659
0.00038930158437271926
0.00035271931165976807
0.0003146226536928317
0.0002755075122552602
0.0002358609004474072
0.00019615556952986668
0.00015684495032815794
0.00011835845990029808
8.109721902866726e-05
4.543022053733547e-05
1.169098252349756e-05
-1.9825285602259796e-05
-4.8863982774459296e-05
-7.521286667412068e-05
-9.870324651311556e-05
-0.00011921061642265641
-0.00013665473416015172
-0.0001509991561824353
-0.000162250246239428
-0.00017045568045547636
-0.00017570247732498557
-0.00017811458609824033
-0.00017785007162146054
-0.000175097937776981
-0.0001700746352058726
-0.00016302030195389767
-0.0001541947880367204
-0.0001438735166531701
-0.0001323432358745805
-0.00011989771509958704
-0.00010683344039008699
-9.344536200539319e-05
-8.00227460446943e-05
-6.684518011625548e-05
-5.4178780405042125e-05
-4.227264444422111e-05
-3.1355590351302545e-05
-2.1633219312467984e-05
-1.328533373916454e-05
-6.463738833369145e-06
-1.290450339206508e-06
2.143673911570994e-06
3.7798663729645147e-06
3.5919391975785045e-06
1.5863292422067427e-06
-2.19829738553216e-06
-7.691871995295674e-06
-1.4794166815596627e-05
-2.3376436026836996e-05
-3.328343037374328e-05
-4.433575707676602e-05
-5.6332552802109103e-05
-6.905443390092873e-05
-8.226668502718751e-05
-9.572264462259641e-05
-0.00010916724364230405
-0.00012234065230684588
-0.00013498198861861243
-0.00014683304188279432
-0.00015764196452522152
-0.00016716688609837144
-0.00017517940450150924
-0.00018146791109503507
-0.0001858407085404083
-0.00018812888281788878
-0.00018818889393204972
-0.00018590485327213654
-0.00018119045940925157
-0.00017399056823954632
-0.00016428237777352264
-0.00015207621247482307
-0.000137415896814152
-0.00012037871257034563
-0.0001010749393253834
-7.964698250730757e-05
-5.6268098179080355e-05
-3.114072849768091e-05
-4.494466323349813e-06
2.3416328207107973e-05
5.231523226465546e-05
8.190675544184386e-05
0.0001118795913738002
0.00014191008884259867
0.00017166590276496992
0.0002008097833398606
0.0002290034599842374
0.0002559115755298506
0.0002812056255020542
0.00030456785716018685
0.00032569508334780086
0.00034430236707484437
0.00036012653412190556
0.0003729294728025526
0.0003825011823221508
0.0003886625339039038
0.00039126771198419046
0.0003902063062742103
0.0003854050293043104
0.00037682903816850207
0.0003644828435240226
0.00034841079342629494
0.00032869712424338075
0.0003054655756447091
0.00027887857144437065
0.00024913597284732575
0.0002164734153454409
0.00018116024508829198
0.00014349707496150776
0.00010381298479539912
6.246239405356641e-05
1.9821638972889413e-05
-2.3714710596041892e-05
-6.773775650037354e-05
-0.00011182835911186478
-0.0001555613629801716
-0.0001985099170287007
-0.00024024984388872355
-0.0002803640123328244
-0.00031844666662617874
-0.000354107666964615
-0.00038697659600755687
-0.00041670668783225245
-0.00044297853741855704
-0.0004655035510013879
-0.00048402710027663427
-0.000498331346487083
-0.0005082377038151367
-0.0005136089152322453
-0.0005143507179612714
-0.0005104130799547616
-0.0005017909932341545
-0.0004885248145252778
-0.0004707001483155173
-0.0004484472721983254
-0.0004219401091114921
-0.0003913947557670203
-0.00035706758116352613
-0.0003192529135189229
-0.0002782803382154643
-0.00023451163336700226
-0.00018833737335800349
-0.00014017323412708992
-9.045603703950206e-05
-3.963957088176945e-05
1.18097662092596e-05
6.341746122473486e-05
0.00011470547211609431
0.00016519685899731853
0.00021442041427563853
0.0002619152452884197
0.00030723526351864776
0.0003499535354253687
0.00038966645134751323
0.0004259976708039836
0.0004586018047993918
0.0004871677984287829
0.000511421980127481
0.0005311307473014648
0.0005461028617637615
0.0005561913323545812
0.0005612948662960634
0.0005613588751832444
0.0005563760259961964
0.000546386332088009
0.0005314767837125502
0.0005117805222575778
0.00048747556689599604
0.0004587831068147398
0.00042596537648204936
0.00038932313552664976
0.00034919277868539726
0.0003059431048908554
0.00025997177788135125
0.0002117015136909485
0.00016157603298673094
0.000110055818440841
5.761371913406718e-05
4.7304453698491855e-06
-4.81100017797239e-05
-0.00010042492137859998
-0.0001517374791190239
-0.0002015812049408185
-0.00024950437816191373
-0.00029507425778072286
-0.00033788111730402034
-0.0003775420455445995
-0.0004137044772982029
-0.00044604942062228923
-0.00047429435057012116
-0.0004981957426492457
-0.0005175512229379414
-0.0005322013156684439
-0.0005420307731317603
-0.0005469694769340431
-0.000546992903896302
-0.0005421221541944377
-0.0005324235436418403
-0.0005180077662789726
-0.0004990286376110929
-0.0004756814328852533
-0.00044820083868124115
-0.00041685853977043363
-0.0003819604666361025
-0.00034384373221573155
-0.0003028732892905608
-0.00025943834248318105
-0.00021394855100753205
-0.00016683006012765614
-0.00011852140070652035
-6.946929725263125e-05
-2.012442549257619e-05
2.9062839291214605e-05
7.764664211547677e-05
0.00012518979590261142
0.00017126781739264257
0.00021547281329145548
0.00025741718032803497
0.00029673708498018927
0.0003330956910364536
0.0003661861058650011
0.00039573401922925015
0.00042150001169270675
0.00044328151305873093
0.0004609143948588008
0.00047427418459867153
0.000483276893257712
0.0004878794513742752
0.0004880797529006018
0.00048391630983606477
0.00047546752440974814
0.0004628505892455574
0.00044622002946976256
0.0004257659040782763
0.00040171168703719
0.0003743118515156562
0.00034384918331813787
0.0003106318519692764
0.00027499026998808296
0.0002372737726510222
0.00019784715197142773
0.000157087079704574
0.00011537845491634855
7.311071202501199e-05
3.067412523992265e-05
-1.154385501822063e-05
-5.316219881712857e-05
-9.380979265658364e-05
-0.00013312880212505457
-0.00017077787038937716
-0.00020643512357499882
-0.00023980095629567546
-0.00027060057303216145
-0.0002985862637125099
-0.00032353939468334934
-0.00034527209925172824
-0.0003636286550893018
-0.00037848653899250057
-0.00038975715275091897
-0.000397386217158456
-0.0004013538344747338
-0.0004016742228755515
-0.00039839512958884807
-0.0003915969324663163
-0.0003813914426611371
-0.0003679204238418365
-0.0003513538459453742
-0.00033188789383585305
-0.0003097427533676707
-0.00028516019923506406
-0.0002584010106081086
-0.00022974224189546653
-0.00019947437702662256
-0.00016789839640413097
-0.00013532278613568287
-0.00010206051931582882
-6.842603899020196e-05
-3.473227200632541e-05
-1.2877022426393105e-06
3.160646927786923e-05
6.365905112764316e-05
9.459145029433316e-05
0.00012414010001978677
0.0001520587055158717
0.00017812028851593283
0.00020211901388125864
0.00022387178387697082
0.00024321958823539193
0.00026002860071045727
0.0002741910154670314
0.00028562561931669495
0.0002942780984794922
0.00030012108119237545
0.0003031539200734696
0.0003034022206614563
0.0003009171249572102
0.00029577436107749197
0.00028807307226683907
0.0002779344404844021
0.0002655001215698881
0.0002509305105816974
0.00023440285727769616
0.00021610925286412043
0.00019625451006255424
0.00017505395923294844
0.00015273118373891522
0.00012951571794921955
0.00010564073123814352
8.134072108129795e-05
5.684923784888441e-05
3.239666318407131e-05
8.208062930761105e-06
-1.5498865544591962e-05
-3.851573309377348e-05
-6.0645268513635845e-05
-8.170298279694834e-05
-0.00010151867418869338
-0.00011993776218159454
-0.00013682244052518693
-0.0001520526413301074
-0.00016552680440176946
-0.00017716244801341683
-0.00018689653940597953
-0.00019468566535983984
-0.00020050600520069793
-0.00020435311055816503
-0.00020624149807235278
-0.000206204063022625
-0.00020429132351713393
-0.00020057050641658007
-0.0001951244875571975
-0.00018805060007437673
-0.0001794593256995092
-0.00016947288480037792
-0.000158223741653483
-0.0001458530419708008
-0.00013250900005136343
-0.00011834525308942518
-0.00010351920014751981
-8.819034309798243e-05
-7.251864645594096e-05
-5.666293247753505e-05
-4.0779327188029244e-05
-2.5019772145892935e-05
-9.530615752577758e-06
5.548703203363228e-06
2.00868683109262e-05
3.396178448058775e-05
4.7061554345301415e-05
5.9285324867177104e-05
7.054399841610014e-05
8.076080413409008e-05
8.987172695967363e-05
9.782579324318521e-05
0.0001045852134202308
0.00011012538371063285
0.00011443475025871362
0.00011751454051333011
0.00011937836794911574
0.00012005171744153586
0.00011957131971637983
0.00011798442428931805
0.00011534798118460598
0.00011172774246688276
0.00010719729523070968
0.00010183703816504501
9.573311414178087e-05
8.89763114679035e-05
8.166094649042652e-05
7.388374015416373e-05
6.574270088826696e-05
5.733602584330631e-05
4.876103202283712e-05
4.011312825948493e-05
3.1484838284271655e-05
2.296488433893932e-05
1.4637339895003006e-05
6.580859081561922e-06
-1.132010601486851e-06
-8.435426784775817e-06
-1.5270757560244077e-05
-2.158699039660689e-05
-2.734104254739189e-05
-3.249797201139007e-05
-3.7031089243935394e-05
-4.09219709302503e-05
-4.4160378207281625e-05
-4.6744082746801095e-05
-4.867860507952325e-05
-4.9976870437970254e-05
-5.065878821602085e-05
-5.0750761877845894e-05
-5.028513679158066e-05
-4.929959400814134e-05
-4.7836498448730384e-05
-4.594221030268795e-05
-4.366636866853724e-05
-4.106115659469612e-05
-3.818055669291014e-05
-3.5079606408767826e-05
-3.1813661842546624e-05
-2.8437678724112638e-05
-2.5005518762666923e-05
-2.1569289121786848e-05
-1.8178722219322955e-05
-1.4880602427938999e-05
-1.1718245563786452e-05
-8.731036306932416e-06
-5.954027907142332e-06
-3.4176077022603566e-06
-1.1472311237863076e-06
8.367740044910657e-07
2.519331943550406e-06
3.890672230993071e-06
4.946312382991509e-06
5.686971734034343e-06
6.118418841604428e-06
6.251255640714988e-06
6.100642241274635e-06
5.6859669121889516e-06
5.0304663832705864e-06
4.160802113634315e-06
3.106598618331391e-06
1.8999503095362175e-06
5.749035915393724e-07
-8.330788519497811e-07
-2.287664525266557e-06
-3.752201260621105e-06
-5.190264002553278e-06
-6.566191346253712e-06
-7.845605155633416e-06
-8.995906879738039e-06
-9.986744550505753e-06
-1.0790444875824852e-05
-1.1382405333503822e-05
-1.1741441717678202e-05
-1.1850087182353323e-05
-1.1694839459768212e-05
-1.1266353596269013e-05
-1.0559578237319812e-05
-9.573834197908627e-06
-8.312834766599335e-06
-6.784647902517491e-06
-5.001601186442618e-06
-2.98013107189609e-06
-7.405786419516566e-07
1.6930652949020433e-06
4.29346234804231e-06
7.030271962373339e-06
9.870535653939755e-06
1.2779095171863252e-05
1.5719039320662977e-05
1.8652173867336503e-05
2.153950871544746e-05
2.434175635605495e-05
2.701983550394383e-05
2.9535373797815625e-05
3.185120348457039e-05
3.393184411946005e-05
3.574396649384581e-05
3.725683224792245e-05
3.844270393372972e-05
3.9277220660055756e-05
3.973973487080281e-05
3.981360627686028e-05
3.948644947280935e-05
3.875033231776382e-05
3.760192273785521e-05
3.6042582209552106e-05
3.4078404801198124e-05
3.172020127779644e-05
2.898342840402508e-05
2.5888064205663264e-05
2.2458430563060066e-05
1.87229651052087e-05
1.4713944942877084e-05
1.0467165317900094e-05
6.021576747373937e-06
1.4188847007675504e-06
-3.2968837399346116e-06
-8.079841426288225e-06
-1.288272577931433e-05
-1.7657401151537888e-05
-2.2355373364434715e-05
-2.6928310745805197e-05
-3.1328565929952094e-05
-3.550969268533904e-05
-3.942695209920963e-05
-4.303780257537019e-05
-4.6302368288211076e-05
-4.918388098065099e-05
-5.164909029301647e-05
-5.3668638160331974e-05
-5.521739321296261e-05
-5.6274741555438295e-05
-5.6824830775564163e-05
-5.685676454520625e-05
-5.636474570973818e-05
-5.534816631911684e-05
-5.381164362380537e-05
-5.176500163708503e-05
-4.922319844541877e-05
-4.620620002424464e-05
-4.273880188174045e-05
-3.885040040175581e-05
-3.457471628349669e-05
-2.994947297420952e-05
-2.501603345691924e-05
-1.981899918348573e-05
-1.4405775329559578e-05
-8.826106888608245e-06
-3.131590413746296e-06
2.624833544133229e-06
8.389402067653045e-06
1.4108060209228582e-05
1.9726994594314992e-05
2.5193164837061346e-05
3.0454827354066158e-05
3.546204625821384e-05
4.0167186165490206e-05
4.452538195131262e-05
4.8494980746772294e-05
5.203795176631305e-05
5.5120259903297113e-05
5.771219941478065e-05
5.978868443735566e-05
6.132949352753951e-05
6.231946589801255e-05
6.274864751991486e-05
6.261238577613184e-05
6.191137187561633e-05
6.0651630768848814e-05
5.884445883406197e-05
5.65063101274292e-05
5.3658632502735395e-05
5.0327655401964025e-05
4.654413159282219e-05
4.234303557780563e-05
3.776322181762919e-05
3.284704629569803e-05
2.7639955296148532e-05
2.21900455726475e-05
1.654760034584658e-05
1.0764605781868328e-05
4.894252770666302e-06
-1.0095710597347037e-06
-6.89279409001949e-06
-1.2701673197516637e-05
-1.8383300998725385e-05
-2.388610294248521e-05
-2.9160319480522172e-05
-3.415846871911461e-05
-3.8835785176807385e-05
-4.315063053585208e-05
-4.706487257638788e-05
-5.0544228818946154e-05
-5.355857176901103e-05
-5.608219305313841e-05
-5.8094024155364574e-05
-5.957781190093571e-05
-6.052224728726002e-05
-6.092104672479836e-05
-6.077298521871291e-05
-6.008188149081107e-05
-5.885653550603572e-05
-5.711061932392268e-05
-5.486252263867746e-05
-5.213515479758118e-05
-4.895570549232448e-05
-4.535536669781765e-05
-4.136901878457733e-05
-3.703488405079115e-05
-3.239415120580807e-05
-2.7490574585659288e-05
-2.2370052091238194e-05
-1.7080186009313925e-05
-1.1669831004400056e-05
-6.188633654841131e-06
-6.865679489355532e-07
4.786528843464987e-06
1.0181415551200133e-05
1.544989744547259e-05
2.054526338304176e-05
2.5422705748146784e-05
3.0039719392092522e-05
3.435647600344187e-05
3.833617060742388e-05
4.194533718758597e-05
4.5154130742740834e-05
4.793657343453731e-05
5.027076284197907e-05
5.213904071527895e-05
5.352812100878441e-05
5.4429176367539405e-05
5.483788264049072e-05
5.475442139158049e-05
5.418344077420317e-05
5.3133975521042277e-05
5.161932717657333e-05
4.965690606008309e-05
4.7268036789693764e-05
4.447772951954587e-05
4.131441934020746e-05
3.7809676564013035e-05
3.3997890860140404e-05
2.9915932416869278e-05
2.560279348899562e-05
2.109921383549335e-05
1.6447293665247668e-05
1.1690097786389007e-05
6.871254697139799e-06
2.0345543631765256e-06
-2.776451601318764e-06
-7.5188436938066675e-06
-1.2150718664923401e-05
-1.663156060881092e-05
-2.0922595727242985e-05
-2.498712767864074e-05
-2.8790850635604693e-05
-3.23021374112493e-05
-3.549230027292815e-05
-3.8335822339215127e-05
-4.081055774946482e-05
-4.2897899101993445e-05
-4.4582910973913845e-05
-4.5854428659863646e-05
-4.670512159521744e-05
-4.713152125879253e-05
-4.713401367750889e-05
-4.671679697795777e-05
-4.588780474448344e-05
-4.4658596247392786e-05
-4.3044214895638004e-05
-4.106301654326578e-05
-3.8736469535782816e-05
-3.608892861922972e-05
-3.3147385049274284e-05
-2.9941195428354126e-05
-2.6501791964372912e-05
-2.2862376983489224e-05
-1.9057604641198164e-05
-1.5123252859511364e-05
-1.1095888573177157e-05
-7.01252939439861e-06
-2.9103048035066228e-06
1.1738800571024119e-06
5.203674966144661e-06
9.143606648494403e-06
1.2959389416829282e-05
1.661822173889058e-05
2.008906619647151e-05
2.3342910480462638e-05
2.635300726377641e-05
2.909509100873248e-05
3.154756999538757e-05
3.369169210009152e-05
3.551168310692299e-05
3.699485659620492e-05
3.813169472158603e-05
3.8915899457739466e-05
3.934441417211308e-05
3.941741564392662e-05
3.913827691935638e-05
3.851350165124211e-05
3.7552630822442983e-05
3.62681229920123e-05
3.467520943062188e-05
3.27917257242534e-05
3.063792162133933e-05
2.8236251076702352e-05
2.5611144604400075e-05
2.278876618971698e-05
1.9796757127031007e-05
1.6663969244294734e-05
1.3420190045796078e-05
1.0095862352293699e-05
6.721801041360181e-06
3.3289094908321268e-06
-5.210169512382359e-08
-3.3909911442274947e-06
-6.658255894290056e-06
-9.825390917492131e-06
-1.2865136727775484e-05
-1.5751712938739537e-05
-1.8461035787846985e-05
