0.09068027210884354 0.0
0.09612244897959184 4.4424515953147824e-20
0.0999546485260771 2.3733478470811805e-18
0.10396825396825397 4.08636013455565e-17
0.10807256235827664 3.761284526370073e-16
0.11224489795918367 2.2971067336028944e-15
0.1164625850340136 1.0496504499549815e-14
0.12070294784580499 3.8676705706940224e-14
0.12496598639455783 1.2077275012512992e-13
0.1292517006802721 3.3097713629829946e-13
0.13356009070294786 8.162940160266822e-13
0.13786848072562358 1.845525762400746e-12
0.14217687074829932 3.880581363410339e-12
0.14648526077097507 7.672835162331647e-12
0.15081632653061225 1.4393888526754776e-11
0.155124716553288 2.579396287418186e-11
0.15945578231292518 4.4424626849190734e-11
0.16378684807256236 7.386331811952525e-11
0.16811791383219954 1.1903228493693758e-10
0.17244897959183675 1.8654489306280721e-10
0.17678004535147393 2.8511149673909885e-10
0.1811111111111111 4.2600127331995504e-10
0.18546485260770976 6.235795363226158e-10
0.18979591836734694 8.960419783985467e-10
0.19412698412698412 1.2656896921094645e-09
0.19845804988662133 1.759895970003045e-09
0.20281179138321995 2.4122862628319666e-09
0.20714285714285716 3.262896721561418e-09
0.21147392290249434 4.358646583957616e-09
0.21582766439909298 5.757516032163894e-09
0.22015873015873016 7.523072824215286e-09
0.2245124716553288 9.733873438751354e-09
0.228843537414966 1.2475552782359022e-08
0.23319727891156464 1.5851795749225675e-08
0.23752834467120182 1.9972762396216737e-08
0.24188208616780046 2.4974761318209338e-08
0.2462358276643991 3.0994317932246366e-08
0.25056689342403626 3.820411947422966e-08
0.25492063492063494 4.677724800394947e-08
0.2592517006802721 5.691199652219372e-08
0.26360544217687076 6.884259104401084e-08
0.2679591836734694 8.279176715533435e-08
0.2722902494331066 9.902843319255852e-08
0.2766439909297052 1.178543631063219e-07
0.2809977324263039 1.3955363616439518e-07
0.28532879818594103 1.64455176509224e-07
0.2896825396825397 1.929658768811111e-07
0.2940362811791383 2.25419895806942e-07
0.29839002267573694 2.6221791980660565e-07
0.30272108843537415 3.03810422450712e-07
0.30707482993197277 3.5069012507916857e-07
0.31142857142857144 4.0328240221761386e-07
0.31578231292517006 4.6208487297925687e-07
0.32011337868480727 5.276302044405862e-07
0.3244671201814059 6.005777639839758e-07
0.32882086167800456 6.813935115288638e-07
0.3331746031746032 7.706640865126441e-07
0.3375283446712018 8.689949445755188e-07
0.341859410430839 9.770768945513742e-07
0.3462131519274376 1.0956502704091093e-06
0.3505668934240363 1.2252492903281857e-06
0.3549206349206349 1.3665463950154884e-06
0.3592743764172336 1.520225500590078e-06
0.36360544217687074 1.6869868201525838e-06
0.3679591836734694 1.8678784425631974e-06
0.37231292517006803 2.0633243232761726e-06
0.37666666666666665 2.2740429721596346e-06
0.3810204081632653 2.500754891330911e-06
0.38537414965986394 2.744180425969551e-06
0.38970521541950115 3.0052149622640514e-06
0.39405895691609977 3.2848375920005902e-06
0.39841269841269844 3.5834214190654347e-06
0.40276643990929706 3.901676032837813e-06
0.4071201814058957 4.240301052588711e-06
0.41147392290249435 4.599984237887697e-06
0.4158049886621315 4.981822072017326e-06
0.4201587301587302 5.3866509468643e-06
0.4245124716553288 5.814674619187686e-06
0.42886621315192747 6.26653155886632e-06
0.4332199546485261 6.742841676803627e-06
0.4375736961451247 7.24420539445306e-06
0.4419047619047619 7.772135427526848e-06
0.44625850340136053 8.326948790797318e-06
0.4506122448979592 8.908720537604129e-06
0.4549659863945578 9.51798471998799e-06
0.4593197278911565 1.0155254831922466e-05
0.4636734693877551 1.0821024134957328e-05
0.4680045351473923 1.1517808267267659e-05
0.47235827664399094 1.2244435418667506e-05
0.47671201814058956 1.300122415232263e-05
0.48106575963718823 1.3788611235141073e-05
0.48541950113378685 1.46070176261204e-05
0.48975056689342406 1.5457743172671095e-05
0.4941043083900227 1.6342566353612754e-05
0.49845804988662135 1.7259939557765552e-05
0.50281179138322 1.8210250615723483e-05
0.5071655328798186 1.9193878402916804e-05
0.5115192743764172 2.0211194297314884e-05
0.5158503401360545 2.1265247520992584e-05
0.5202040816326531 2.2355380910031187e-05
0.5245578231292517 2.3480695275958896e-05
0.5289115646258503 2.4641560707976458e-05
0.533265306122449 2.583834584497282e-05
0.5376190476190477 2.7071418726282663e-05
0.5419501133786848 2.8345964418679937e-05
0.5463038548752834 2.965834454853775e-05
0.550657596371882 3.100857550202295e-05
0.5550113378684808 3.2397040625530895e-05
0.5593650793650794 3.3824123297065124e-05
0.563718820861678 3.529020624870433e-05
0.5680498866213152 3.6801897125982255e-05
0.5724036281179139 3.835403329693338e-05
0.5767573696145125 3.994679711961592e-05
0.5811111111111111 4.158056855780154e-05
0.5854648526077098 4.325571878290141e-05
0.5898185941043084 4.497260760305741e-05
0.5941496598639456 4.673683109933132e-05
0.5985034013605443 4.854636196431395e-05
0.6028571428571429 5.039914294451743e-05
0.6072108843537415 5.2295471566139226e-05
0.6115646258503401 5.4235617878558164e-05
0.6159183673469388 5.6219820742452643e-05
0.6202721088435375 5.824828408130268e-05
0.6246031746031746 6.0330370972309864e-05
0.6289569160997732 6.245769813428694e-05
0.6333106575963718 6.463023854682179e-05
0.6376643990929706 6.68480362834018e-05
0.6420181405895692 6.91110833668885e-05
0.6463718820861678 7.141931689417862e-05
0.6507256235827664 7.377261647893799e-05
0.6550566893424037 7.618043775291708e-05
0.6594104308390023 7.863499300970951e-05
0.6637641723356009 8.113454424947997e-05
0.6681179138321995 8.367874003014725e-05
0.6724716553287982 8.626716432550257e-05
0.6768253968253969 8.889933637061355e-05
0.6811791383219955 9.157471096147597e-05
0.6855102040816327 9.429762198911406e-05
0.6898639455782313 9.70712096772142e-05
0.6942176870748299 9.988670897371886e-05
0.6985714285714286 0.00010274334283016702
0.7029251700680272 0.00010564027695154167
0.7072789115646259 0.00010857662252269145
0.7116326530612245 0.00011155143929211934
0.7159863945578231 0.00011456373898585357
0.7203174603174604 0.00011762180034796141
0.724671201814059 0.00012072242138064716
0.7290249433106576 0.00012385807671190088
0.7333786848072562 0.00012702763081681205
0.7377324263038549 0.00013022991938588886
0.7420861678004536 0.00013346375392207324
0.7464399092970522 0.00013672792641764521
0.7507936507936508 0.0001400212140702193
0.755124716553288 0.0001433515538781164
0.7594784580498867 0.00014671844552139988
0.7638321995464853 0.0001501114730623874
0.7681859410430839 0.00015352939283800297
0.7725396825396825 0.00015697096712937039
0.7768934240362811 0.00016043496826753043
0.7812471655328799 0.00016392018251391277
0.7856009070294785 0.00016742541367772515
0.7899546485260771 0.00017094948643312888
0.7942857142857143 0.00017451040151161102
0.798639455782313 0.0001780901050357111
0.8029931972789116 0.00018168584622395975
0.8073469387755102 0.00018529653470962466
0.8117006802721088 0.00018892111024323995
0.8160544217687075 0.00019255854364902422
0.8204081632653062 0.00019620783729224105
0.8247619047619048 0.0001998680250371723
0.8291156462585034 0.00020353817167797624
0.8334467120181406 0.00020722499899836775
0.8378004535147392 0.00021093391493801718
0.8421541950113379 0.00021465044831676318
0.8465079365079365 0.00021837373753057202
0.8508616780045352 0.0002221029404949711
0.8552154195011338 0.0002258372309190136
0.8595691609977324 0.00022957579402208876
0.8639229024943311 0.0002333178217023988
0.8682766439909297 0.00023706250716989217
0.8726303854875284 0.00024080903906030683
0.876984126984127 0.0002445565950509677
0.8813378684807256 0.0002483043350030904
0.8856689342403629 0.0002520593949684365
0.8900226757369615 0.00025582377079371295
0.8943764172335601 0.0002595855578109115
0.8987301587301587 0.0002633437476009569
0.9030839002267574 0.0002670972761967028
0.9074376417233561 0.0002708450153070198
0.9117913832199547 0.0002745857633186084
0.9161451247165533 0.0002783182361178353
0.9204988662131519 0.00028204105777623965
0.9248526077097506 0.0002857527511450529
0.9292063492063493 0.0002894517284055257
0.9335600907029479 0.00029313628162363245
0.9379138321995465 0.0002968045733595122
0.9422675736961451 0.0003004546273833442
0.9466213151927437 0.00030408431955149576
0.9509750566893425 0.0003076913688989621
0.9553287981859411 0.00031127332900636305
0.9596825396825397 0.0003148275797023067
0.9640362811791383 0.0003183513191629511
0.9683673469387756 0.00032184385451570753
0.9727210884353742 0.0003253108161411663
0.9770748299319728 0.00032873783729904976
0.9814285714285714 0.00033212136651952214
0.98578231292517 0.00033545764215666025
0.9901360544217688 0.00033874268798025757
0.9944897959183674 0.00034197230961040243
0.998843537414966 0.00034514209186828316
1.0031972789115646 0.00034824739711616936
1.0075510204081632 0.00035128336465832755
1.0119047619047619 0.0003542449112737215
1.0162585034013605 0.00035712673294970265
1.020612244897959 0.00035992330788279397
1.024965986394558 0.00036262890080748556
1.0293197278911566 0.00036523756870719725
1.0336734693877552 0.00036774316795358417
1.0380272108843538 0.0003701393629114955
1.0423809523809524 0.0003724196360382886
1.046734693877551 0.00037457729949874266
1.0510884353741496 0.0003766055083094976
1.0554421768707483 0.00037849727502054317
1.0597959183673469 0.00038024548593370487
1.0641269841269843 0.0003818444616332985
1.0684807256235829 0.00038331081475230185
1.0728344671201815 0.00038461304646042206
1.07718820861678 0.0003857437446558191
1.0815419501133787 0.0003866954666596819
1.0858956916099773 0.0003874607636387781
1.090249433106576 0.00038803220633327947
1.0946031746031746 0.00038840241201789505
1.0989569160997732 0.00038856407261551206
1.1033106575963718 0.0003885099838740281
1.1076643990929707 0.000388233075508051
1.1120181405895693 0.0003877264421981724
1.1163718820861679 0.0003869833753299968
1.120702947845805 0.00038603921756084485
1.1250566893424037 0.0003848484703429669
1.1294104308390023 0.0003834037360453304
1.133764172335601 0.00038169930782267256
1.1381179138321995 0.0003797298286086794
1.1424716553287981 0.0003774903243822439
1.1468253968253967 0.00037497623719862723
1.1511791383219956 0.0003721834578246291
1.1555102040816327 0.00036913204038164116
1.1598639455782314 0.0003658241831872191
1.16421768707483 0.0003622284654683263
1.1685714285714286 0.0003583426851734632
1.1729251700680272 0.00035416523022301034
1.1772789115646258 0.00034969510586559956
1.1816326530612244 0.0003449319605464917
1.1859637188208616 0.0003398998595150692
1.1903174603174604 0.00033460723645954476
1.194671201814059 0.0003290234995643778
1.1990249433106577 0.0003231508338322315
1.2033786848072563 0.0003169921635512267
1.207732426303855 0.00031055116708775395
1.212063492063492 0.0003038375166415612
1.2164172335600907 0.0002968976444312518
1.2207709750566893 0.0002896886542615324
1.225124716553288 0.00028221705444004457
1.2294784580498865 0.00027449014306615084
1.2338321995464854 0.0002665160079539156
1.238185941043084 0.00025830352360250547
1.2425170068027211 0.00024989970624934616
1.2468707482993198 0.0002412780991880173
1.2512244897959184 0.0002324452372765576
1.255578231292517 0.00022341278343514335
1.2599319727891156 0.00021419313498260544
1.2642857142857142 0.00020479940346550607
1.2686394557823129 0.00019524539138755394
1.2729705215419502 0.00018555233177636036
1.2773242630385488 0.0001757357440523876
1.2816780045351475 0.00016579846049252206
1.286031746031746 0.00015575655735737437
1.2903854875283447 0.00014562665738110858
1.2947392290249433 0.00013542589010914492
1.299092970521542 0.00012517184956629393
1.303469387755102 0.00011490389918597157
1.3078231292517006 0.0001046271061958017
1.3121768707482993 9.43588223188358e-05
1.3165532879818593 8.415811747021574e-05
1.3209297052154196 7.404671421113041e-05
1.3253061224489797 6.409661955084359e-05
1.3297052154195013 5.439245231538557e-05
1.3341043083900228 4.50945276846149e-05
1.3385714285714285 3.650290738700942e-05
1.3430839002267574 2.9231724269249394e-05
1.347687074829932 2.455188301204436e-05
1.352358276643991 2.4150373442992852e-05
1.356984126984127 2.8075038073359015e-05
1.3614965986394558 3.457749311229153e-05
1.3659637188208618 4.226411334672265e-05
1.3703628117913833 5.046868187826362e-05
1.3747619047619049 5.886077140067262e-05
1.379138321995465 6.727276858636472e-05
1.383514739229025 7.561650893720254e-05
1.387891156462585 8.38166788009797e-05
1.3922448979591837 9.186449363122249e-05
1.3965986394557823 9.970197038152187e-05
1.400952380952381 0.00010731187773427143
1.4053061224489796 0.00011467739246516314
1.4096598639455782 0.00012178216134008518
1.4140136054421768 0.00012861036228895405
1.4183673469387756 0.00013514676457593771
1.4226984126984128 0.00014139509236883976
1.4270521541950114 0.0001473491074190891
1.43140589569161 0.00015297830914562103
1.4357369614512472 0.00015827635375004385
1.4400907029478458 0.0001632825292286401
1.4444444444444444 0.00016793658575076697
1.4487755102040816 0.00017226332056593922
1.4531292517006802 0.0001762650675905555
1.4574603174603176 0.00017990631105553227
1.4618140589569162 0.0001832464031430069
1.4661451247165533 0.00018620874066523278
1.470498866213152 0.00018888306705139643
1.474829931972789 0.00019117917210087696
1.4791836734693877 0.00019318879483346305
1.4835147392290249 0.00019483706073704019
1.4878684807256237 0.00019618809113062236
1.4921995464852609 0.00019721219204088015
1.4965532879818595 0.0001979156082461596
1.5008843537414966 0.0001983439974322713
1.5052154195011338 0.000198447942058735
1.5095691609977324 0.00019828076192844295
1.5139002267573696 0.00019784314347345562
1.5182312925170067 0.00019711602162360457
1.5225850340136056 0.00019613753059734743
1.5269160997732427 0.0001949307866649246
1.5312471655328799 0.00019347324189023334
1.535578231292517 0.00019177996946967882
1.5399319727891156 0.00018988195082015217
1.5442630385487528 0.00018780165887105242
1.54859410430839 0.0001855266997917172
1.5529251700680273 0.00018307248505012596
1.5572562358276645 0.0001804543320825052
1.5615873015873016 0.00017768737938288692
1.5659183673469388 0.0001747865060892817
1.570249433106576 0.0001717662565539198
1.574580498866213 0.00016864077033784463
1.5789115646258505 0.00016542371802064242
1.5832426303854876 0.00016212824316409378
1.5875736961451248 0.00015876691071530527
1.591904761904762 0.0001553516620799148
1.596235827664399 0.0001518937770404948
1.6005668934240362 0.00014840384263864896
1.6048979591836734 0.00014489172908280692
1.6092290249433108 0.0001413665726869731
1.613560090702948 0.0001378367657896307
1.6178684807256236 0.0001343462966424804
1.6221995464852608 0.00013086851233641797
1.626530612244898 0.0001274089408751734
1.6308390022675738 0.00012399802526133193
1.635170068027211 0.00012063810041905861
1.6395011337868481 0.00011731113521365718
1.6438095238095238 0.00011407021112175382
1.648140589569161 0.00011087235324802727
1.6524489795918367 0.00010775849084178574
1.656780045351474 0.0001047019032722628
1.6610884353741497 0.00010173862080722398
1.6653968253968254 9.883441440870669e-05
1.6697278911564626 9.603144086692917e-05
1.6740362811791383 9.330202737765957e-05
1.6783446712018142 9.064646229092654e-05
1.6826757369614513 8.8096964907766e-05
1.686984126984127 8.562603750578196e-05
1.6912925170068027 8.323691036969616e-05
1.6956009070294784 8.093261802677561e-05
1.6999319727891158 7.872837616682029e-05
1.7042403628117915 7.661288096836537e-05
1.7085487528344672 7.458645445323204e-05
1.7128571428571429 7.265152009263025e-05
1.7171655328798185 7.081053175356298e-05
1.7214739229024945 6.906603796787351e-05
1.7257823129251701 6.742072393893621e-05
1.7300907029478458 6.587743026250842e-05
1.7343990929705215 6.443914783019645e-05
1.7387074829931972 6.31089888838795e-05
1.7430158730158731 6.189013468984671e-05
1.7473242630385488 6.0785760794975624e-05
1.7516326530612245 5.9798941306182976e-05
1.7559183673469387 5.8939953697975545e-05
1.7602267573696146 5.820566613963904e-05
1.7645351473922903 5.7595918620331265e-05
1.768843537414966 5.71116921272932e-05
1.7731519274376417 5.675312857180705e-05
1.7774603174603174 5.65193638558739e-05
1.7817687074829933 5.6408361522853306e-05
1.786077097505669 5.641675087272979e-05
1.7903854875283447 5.653967345319968e-05
1.7946938775510204 5.67706418021959e-05
1.799002267573696 5.7101414215817985e-05
1.803310657596372 5.752188914918771e-05
1.8076417233560091 5.8023871034885844e-05
1.8119501133786848 5.861078761029745e-05
1.8162585034013605 5.925119872626664e-05
1.8205895691609977 5.995992579260624e-05
1.824920634920635 6.0705915798469735e-05
1.8292290249433107 6.14930859497307e-05
1.833560090702948 6.231557393234036e-05
1.837891156462585 6.3158677496237e-05
1.8422222222222222 6.40170593256815e-05
1.8465532879818594 6.488460322684293e-05
1.850907029478458 6.575471496237727e-05
1.8552380952380954 6.664032291673304e-05
1.8595691609977325 6.751919058298563e-05
1.8639229024943311 6.839384850310332e-05
1.8682539682539683 6.927352995836244e-05
1.872607709750567 7.015239534859119e-05
1.8769614512471655 7.102816523556854e-05
1.8812925170068027 7.191656582146165e-05
1.8856462585034015 7.28210070122626e-05
1.8900000000000001 7.374255785847991e-05
1.8943537414965987 7.468937388997145e-05
1.8987074829931974 7.56692703995856e-05
1.9030839002267574 7.670461446177994e-05
1.907437641723356 7.779541716568582e-05
1.9117913832199547 7.894643953786005e-05
1.9161678004535148 8.018001967542972e-05
1.9205215419501134 8.150867448097298e-05
1.9248979591836735 8.293289044855734e-05
1.929251700680272 8.448022286091523e-05
1.9336281179138322 8.614926913091186e-05
1.9379818594104308 8.794934146577678e-05
1.942358276643991 8.990742683413698e-05
1.9467346938775512 9.200705766933218e-05
1.9510884353741498 9.426690661171742e-05
1.9554648526077099 9.670173168597901e-05
1.95984126984127 9.929416513326462e-05
1.9641950113378686 0.00010205205058094727
1.9685714285714286 0.00010499613832509612
1.9729478458049887 0.00010809628273437406
1.9773015873015873 0.00011135718822240934
1.9816780045351474 0.00011479588006498569
1.9860544217687075 0.00011837211223896793
1.9904081632653061 0.00012210953613952461
1.9947845804988662 0.0001259839580697543
1.9991383219954648 0.0001299862565749205
2.003514739229025 0.00013412219008694526
2.0078684807256235 0.00013836026641200657
2.012244897959184 0.00014271327583069456
2.016598639455782 0.00014715336316921995
2.0209750566893425 0.00015167272566775732
2.025328798185941 0.0001562774699826738
2.0296825396825398 0.0001609175144157576
2.0340589569160996 0.00016563729165758803
2.0384126984126985 0.00017038371402818076
2.0427664399092973 0.00017513746859418533
2.047142857142857 0.00017994434759602832
2.051496598639456 0.0001847444636470997
2.0558503401360544 0.00018952394569315265
2.0602267573696147 0.00019430308009493258
2.064580498866213 0.00019906992795068072
2.068934240362812 0.00020378924182976133
2.0732879818594103 0.00020845227361241636
2.0776643990929706 0.0002130804748785429
2.082018140589569 0.00021765897516214244
2.086371882086168 0.00022215693334087707
2.0907256235827667 0.00022656658909624519
2.0951020408163266 0.00023088131383400138
2.0994557823129254 0.00023514380335194754
2.103809523809524 0.00023929725090737089
2.1081632653061226 0.00024333506969389918
2.112517006802721 0.0002472509696895917
2.11687074829932 0.0002510389591271088
2.1212471655328797 0.00025474501929617643
2.1256009070294786 0.00025831367636525556
2.129954648526077 0.0002617392989699552
2.134308390022676 0.0002650170583030725
2.138662131519274 0.0002681423964584686
2.1430385487528345 0.0002711499533360341
2.1473922902494333 0.0002740132859903468
2.1517460317460317 0.0002767131699911414
2.1560997732426306 0.00027924597729032545
2.160453514739229 0.0002816082823576825
2.1648299319727893 0.00028382051340532753
2.1691836734693877 0.0002858906020285895
2.1735374149659865 0.00028778193681826356
2.177891156462585 0.0002894916449179513
2.1822448979591837 0.00029101696034961424
2.1866213151927436 0.0002923668759695397
2.1909750566893424 0.0002935764085846178
2.1953287981859413 0.00029459433798346047
2.1996825396825397 0.0002954180056141644
2.2040362811791385 0.00029604475637686216
2.2084126984126984 0.00029647674947283454
2.2127664399092972 0.0002967642528646957
2.2171201814058956 0.00029684690016760834
2.2214739229024945 0.00029672173104713993
2.225827664399093 0.0002963857026192821
2.230204081632653 0.0002958380142374629
2.2345578231292516 0.00029513374109831823
2.2389115646258504 0.00029420859650878536
2.2432653061224492 0.00029305896898142
2.2476190476190476 0.0002916811231643522
2.251995464852608 0.000290074634517653
2.2563492063492063 0.0002882910681235437
2.260702947845805 0.000286266750961683
2.2650566893424036 0.00028399737470638536
2.2694104308390024 0.0002814785336901304
2.2737868480725623 0.0002787170118246135
2.278140589569161 0.0002757478118403998
2.2824943310657595 0.00027251491769620203
2.2868480725623583 0.00026901368034
2.291201814058957 0.00026523946013501794
2.295578231292517 0.00026122487022634314
2.299931972789116 0.0002569550122321346
2.3042857142857143 0.0002523985009651418
2.308639455782313 0.0002475511285241359
2.313015873015873 0.00024244334480508169
2.317369614512472 0.00023707261407245438
2.32172335600907 0.000231400444576112
2.3260997732426305 0.0002254306347744862
2.330453514739229 0.00021922662252550138
2.3348072562358277 0.0002127149819669929
2.3391836734693876 0.00020592586966132026
2.3435374149659864 0.0001988881522404591
2.3479138321995467 0.00019155946090381132
2.352267573696145 0.00018401416076066528
2.3566439909297054 0.0001762142298010011
2.360997732426304 0.00016819055877038231
2.365374149659864 0.0001600048551304722
2.369750566893424 0.00015165610911305682
2.3741269841269843 0.00014319450583243158
2.3785260770975056 0.000134682202826388
2.382902494331066 0.00012622617626376084
2.3873015873015873 0.0001178998001974624
2.391700680272109 0.00010986515481594399
2.396122448979592 0.00010230659782993012
2.400544217687075 9.550257847688336e-05
2.404965986394558 8.976014884266647e-05
2.409433106575964 8.54863360213344e-05
2.4139002267573697 8.307087404807312e-05
2.4183673469387754 8.287891918378849e-05
2.4228344671201816 8.50797697907144e-05
2.427278911564626 8.962914651899167e-05
2.431746031746032 9.633397036616787e-05
2.4361678004535148 0.00010485781699261466
2.4405895691609976 0.00011488965546089093
2.445011337868481 0.00012615170964599268
2.449410430839002 0.00013839695183184253
2.453809523809524 0.00015143311972017106
2.4581859410430837 0.0001651584604990894
2.462562358276644 0.00017941795441059932
2.4669387755102044 0.00019413725630559674
2.471315192743764 0.00020923579475044845
2.475668934240363 0.00022465141961573693
2.480045351473923 0.00024037077499574835
2.4843990929705217 0.00025628612303594893
2.4887755102040816 0.0002723975090837059
2.4931292517006804 0.0002886776642725682
2.497482993197279 0.00030505506094771713
2.5018367346938777 0.0003215057658224995
2.506190476190476 0.00033800483091439923
2.510544217687075 0.00035452635031149723
2.5148979591836733 0.00037104352228901015
2.519251700680272 0.00038752871655395066
2.523605442176871 0.00040395354636962107
2.5279591836734694 0.0004202889452853384
2.5323129251700682 0.0004365052481738843
2.5366666666666666 0.00045257227625789036
2.5410204081632655 0.00046845942578693317
2.545374149659864 0.00048413576001018555
2.5497278911564627 0.000499570104073002
2.554081632653061 0.0005147311424528065
2.5584126984126985 0.0005296859233186269
2.5627664399092973 0.0005443274424389298
2.5671201814058957 0.0005586150318404885
2.5714739229024945 0.0005725175983171662
2.5758049886621315 0.0005860360555027984
2.5801587301587303 0.0005992348086471095
2.5845124716553287 0.0006119701083140915
2.5888662131519276 0.0006242124017683139
2.5931972789115645 0.0006359873781131378
2.5975510204081633 0.0006473514270314488
2.601904761904762 0.0006581497185803969
2.6062585034013606 0.0006683555626451347
2.610589569160998 0.0006781096354917339
2.6149433106575963 0.00068728072916307
2.619297052154195 0.0006957957286898532
2.623628117913832 0.0007037486463779119
2.627981859410431 0.0007111305222901909
2.6323356009070293 0.0007178012877494307
2.6366666666666667 0.0007238417391436472
2.6410204081632656 0.0007292981088444953
2.645374149659864 0.0007339985347500111
2.6497052154195013 0.0007380441137419717
2.6540589569160997 0.0007414685484091201
2.6584126984126986 0.0007441037539973181
2.6627437641723355 0.0007461040816170632
2.6670975056689343 0.0007474235852390884
2.6714512471655327 0.0007479332568176318
2.67578231292517 0.0007478725258222831
2.680136054421769 0.0007470504326656804
2.684467120181406 0.0007454589299807989
2.6888208616780047 0.000743310285011474
2.693174603174603 0.0007403483715401247
2.6975056689342405 0.0007367561777799035
2.701859410430839 0.0007324931514681522
2.7061904761904763 0.0007274558221555676
2.710544217687075 0.0007219245207684989
2.7148979591836735 0.0007156142239164878
2.719229024943311 0.0007087452548921403
2.7235827664399093 0.0007012342909801857
2.7279138321995466 0.0006930815743557452
2.732267573696145 0.0006844298275393288
2.7365986394557824 0.0006750822606912878
2.740952380952381 0.0006653597300819433
2.7453061224489796 0.0006549672222468615
2.749637188208617 0.0006442037428499106
2.7539909297052154 0.0006328623715809503
2.758321995464853 0.0006211608945621196
2.762675736961451 0.0006089635990069939
2.7670068027210886 0.0005964476748775078
2.771360544217687 0.0005834950982980393
2.7756916099773243 0.0005702959666014993
2.780045351473923 0.0005566955097494477
2.78437641723356 0.0005429507534875113
2.7887074829931975 0.0005288622381975981
2.793061224489796 0.0005146676271654346
2.7973922902494333 0.000500262813179195
2.8017460317460317 0.0004857101202481661
2.806077097505669 0.0004711358112376136
2.810408163265306 0.000456447255651061
2.814761904761905 0.0004417506517477445
2.819092970521542 0.0004271273662241094
2.823424036281179 0.000412530596911003
2.8277551020408165 0.000398012962351831
2.832108843537415 0.00038366168915507365
2.8364399092970523 0.00036952019073569284
2.840770975056689 0.0003555888189189026
2.8451020408163266 0.0003419148298247494
2.849433106575964 0.0003285434582783457
2.853764172335601 0.0003155177034461854
2.8580952380952382 0.00030287812540916436
2.862426303854875 0.00029066265383651663
2.8667573696145126 0.00027890640987136524
2.87108843537415 0.0002676415422780713
2.8753968253968254 0.0002569403794796588
2.8797278911564628 0.0002468182458304778
2.8840589569160997 0.00023727185017270274
2.8883673469387756 0.00022836234310935215
2.8926984126984125 0.0002201184755624985
2.8970068027210885 0.00021251308474665224
2.901337868480726 0.0002056255791317962
2.9056462585034013 0.0001993876111106208
2.9099773242630387 0.0001938588617030907
2.914285714285714 0.00018898001782041655
2.9186167800453515 0.0001847618678935398
2.9229251700680274 0.000181164557297578
2.9272562358276644 0.00017816086901520373
2.9315646258503403 0.00017570288338786383
2.935895691609977 0.00017377371262743902
2.9402267573696146 0.0001722891888815421
2.9445351473922905 0.00017122235573732397
2.9488662131519274 0.00017054865116375537
2.953197278911565 0.00017019576912915394
2.9575283446712017 0.00017012387762239752
2.9618820861678006 0.0001702954845379762
2.9662131519274375 0.00017070914703002686
2.970544217687075 0.00017129614553043257
2.9748979591836737 0.00017203303782394817
2.9792290249433107 0.0001729401953799963
2.9835827664399095 0.00017396922360049663
2.987936507936508 0.00017510922994915732
2.9922675736961453 0.0001763842492290338
2.9966213151927437 0.00017778413406540312
3.0009750566893425 0.00017930052625747208
3.005328798185941 0.00018093838169500328
3.009705215419501 0.00018271191587271803
3.0140589569161 0.00018464275439627868
3.0184126984126984 0.0001867141283331609
3.0227664399092973 0.00018892496292719147
3.027142857142857 0.00019130916339672851
3.031496598639456 0.0001938709652457148
3.0358503401360544 0.00019656939583773738
3.0402267573696147 0.00019948751511653705
3.044580498866213 0.00020253642201574674
3.0489569160997734 0.00020577954377697853
3.0533106575963718 0.0002091573462220853
3.057687074829932 0.00021270044322666974
3.0620408163265305 0.00021636506357892405
3.0664172335600908 0.00022015476446917757
3.0707709750566896 0.0002240452235323556
3.0751473922902495 0.00022800236468011924
3.0795011337868483 0.00023204092003832892
3.0838548752834467 0.0002360689131162714
3.088231292517007 0.00024015862334041994
3.0925850340136054 0.00024419650227009755
3.0969614512471657 0.0002481751660671813
3.101315192743764 0.00025211655289060795
3.105668934240363 0.000255927484524127
3.1100226757369613 0.00025958412071559435
3.1143990929705216 0.0002631276632938029
3.11875283446712 0.0002664717804807914
3.123106575963719 0.00026958677312675087
3.1274603174603177 0.0002724499045767313
3.1318367346938776 0.0002750474189752147
3.1361904761904764 0.0002773851246152986
3.140544217687075 0.0002794018277215141
3.1448979591836737 0.0002810778797829462
3.149251700680272 0.0002823946915110405
3.153605442176871 0.0002833348185141573
3.1579591836734693 0.0002838820423594993
3.162312925170068 0.00028402144669167114
3.1666666666666665 0.00028373948809924627
3.1710204081632654 0.00028302406144281567
3.175374149659864 0.0002818645593809849
3.1797278911564626 0.0002802519258542341
3.1840816326530614 0.0002781787033111296
3.18843537414966 0.0002756390734849824
3.1927891156462587 0.0002726288915543729
3.197142857142857 0.00026914571354606657
3.201496598639456 0.0002651888168657009
3.2058503401360543 0.0002607592138690879
3.210204081632653 0.00025585965841569224
3.214557823129252 0.00025049464537526487
3.2189115646258504 0.000244670403088192
3.2232426303854878 0.00023841795355666117
3.227596371882086 0.000231734136663194
3.231950113378685 0.00022462030959361683
3.2363038548752834 0.0002170890348273273
3.240657596371882 0.00020915447105039248
3.2450113378684806 0.00020083232734562719
3.249342403628118 0.0001921539251551056
3.253696145124717 0.00018314895001245277
3.2580498866213152 0.0001738107425728048
3.262403628117914 0.0001641602833961717
3.2667573696145125 0.00015421980046645103
3.27108843537415 0.00014404984222787117
3.2754421768707482 0.00013364009563379263
3.279795918367347 0.00012301082558910094
3.284126984126984 0.00011221441033552971
3.288480725623583 0.00010126716083780693
3.29281179138322 9.018722061921186e-05
3.2971655328798186 7.903028227703532e-05
3.301496598639456 6.781011631207422e-05
3.305827664399093 5.657037426869711e-05
3.3101587301587303 4.536395189631942e-05
3.3144671201814058 3.426058282405777e-05
3.31875283446712 2.341371169122544e-05
3.3229251700680273 1.333641922154628e-05
3.3267573696145125 6.63609055362923e-06
3.3304308390022674 9.66084749037323e-06
3.3345124716553287 1.8641002822795715e-05
3.3387528344671202 2.876075303643848e-05
3.3430385487528347 3.902576295867405e-05
3.3473696145124716 4.9203599195822974e-05
3.351700680272109 5.9193803374220576e-05
3.356031746031746 6.894737754883759e-05
3.3603628117913833 7.841686510404529e-05
3.364716553287982 8.758864861628292e-05
3.369047619047619 9.641423369496728e-05
3.373401360544218 0.00010489361773413641
3.3777551020408163 0.00011297334928312215
3.3820861678004537 0.00012066459737184494
3.386439909297052 0.00012793166726158043
3.390793650793651 0.00013474465677981517
3.395124716553288 0.0001411093636035202
3.3994784580498867 0.00014701079626159452
3.4038321995464855 0.00015241518687850687
3.408185941043084 0.00015731053871604394
3.4125170068027213 0.00016171663927281628
3.4168707482993197 0.0001656069615956131
3.4212244897959185 0.00016896236648478966
3.425578231292517 0.00017177710678115983
3.4299092970521543 0.0001740604941659751
3.4342630385487527 0.00017582276337929365
3.4386167800453515 0.00017703662371819796
3.4429705215419504 0.00017770278864470248
3.4473242630385488 0.00017782368350349916
3.451655328798186 0.000177410782601461
3.4560090702947845 0.00017648750576459903
3.4603628117913834 0.00017503413816339088
3.464716553287982 0.00017305937595028066
3.4690702947845806 0.00017057350974152558
3.473424036281179 0.00016758838310229715
3.477777777777778 0.00016411734551769288
3.4821088435374152 0.00016017826850684122
3.4864625850340136 0.00015579549169728897
3.4908163265306125 0.00015097130460994525
3.495170068027211 0.0001457242366940908
3.4995238095238097 0.00014007403652840878
3.503877551020408 0.00013404159803202307
3.508231292517007 0.00012764888285217926
3.5125850340136053 0.00012091883924319173
3.5169614512471656 0.00011388446141068098
3.521315192743764 0.00010657631719841076
3.525668934240363 9.901023383896805e-05
3.530045351473923 9.121327438317128e-05
3.5343990929705216 8.325945258556558e-05
3.538775510204082 7.515881808956038e-05
3.5431519274376417 6.698147058280645e-05
3.547528344671202 5.879881753289834e-05
3.5519274376417234 5.072175030778809e-05
3.5563492063492066 4.2920306285608396e-05
3.5608163265306123 3.5687802267736184e-05
3.5653061224489795 2.959813826004862e-05
3.569886621315193 2.5651225226611188e-05
3.5745351473922904 2.5089185409918928e-05
3.579138321995465 2.812576003644771e-05
3.5836507936507935 3.364254987424146e-05
3.5881179138321997 4.049091995594635e-05
3.5925396825396825 4.799471793381173e-05
3.5969614512471657 5.5806768107761336e-05
3.6013378684807256 6.373212131253018e-05
3.605714285714286 7.164269356061792e-05
3.6100907029478457 7.947013935162924e-05
3.614467120181406 8.714702622943397e-05
3.6188208616780044 9.464489613805203e-05
3.6231746031746033 0.00010190665570890245
3.627551020408163 0.0001089327449449382
3.631904761904762 0.00011568100440976784
3.636258503401361 0.000122127422513941
3.640612244897959 0.0001282542225349057
3.644965986394558 0.0001340448323094952
3.6493197278911564 0.00013948394278025093
3.6536734693877553 0.0001445575617505
3.6580272108843537 0.00014925306262730887
3.6623809523809525 0.00015355922795057112
3.666734693877551 0.0001574662875268952
3.6710884353741497 0.0001609659510082196
3.675419501133787 0.00016407542176720535
3.6797732426303855 0.0001667704928331435
3.6841269841269844 0.00016904533628433473
3.6884807256235828 0.00017089746772720705
3.6928344671201816 0.00017232595213975387
3.6971655328798185 0.0001733404411952162
3.7015192743764174 0.00017396470793986887
3.7058730158730158 0.00017417349029928006
3.7102267573696146 0.00017397164089650807
3.7145804988662134 0.00017336549900272098
3.7189115646258504 0.00017239905283916105
3.723265306122449 0.0001710554941276762
3.7276190476190476 0.0001693357150785966
3.7319727891156464 0.0001672513309347481
3.7363038548752834 0.0001648612817604256
3.740657596371882 0.00016213686982637215
3.7450113378684806 0.00015908980662211863
3.749342403628118 0.00015576097694826248
3.753696145124717 0.00015216903619874868
3.7580498866213152 0.00014830503163633239
3.7623809523809526 0.00014420699613281856
3.766734693877551 0.00013990803687369274
3.77108843537415 0.0001353945466296561
3.7754195011337868 0.0001307164638622754
3.7797732426303856 0.0001258889951162685
3.7841043083900225 0.00012090970934527421
3.7884580498866214 0.00011585347762764871
3.79281179138322 0.00011068806794049483
3.797142857142857 0.0001054740949060172
3.801496598639456 0.00010020998356742748
3.805827664399093 9.493760593204039e-05
3.8101814058956918 8.966168593753994e-05
3.8145124716553287 8.44283094663131e-05
3.818843537414966 7.923295972740832e-05
3.823197278911565 7.412499990977835e-05
3.827528344671202 6.911191978688504e-05
3.831859410430839 6.421334198302046e-05
3.836190476190476 5.9454561537809196e-05
3.840544217687075 5.486257305954227e-05
3.844875283446712 5.045338941865146e-05
3.8492063492063493 4.624434211912043e-05
3.853514739229025 4.225986688062877e-05
3.857845804988662 3.85140448834128e-05
3.8621768707482995 3.50186485308885e-05
3.866485260770975 3.17936386518216e-05
3.8708163265306124 2.8846477285858013e-05
3.8751247165532883 2.6190812084745727e-05
3.8794331065759637 2.3824305307619617e-05
3.8837414965986397 2.174647718641107e-05
3.888049886621315 1.9949362213423902e-05
3.8923809523809525 1.841932210368982e-05
3.8966893424036284 1.7138478308402336e-05
3.9010204081632653 1.6079284168031103e-05
3.9053514739229027 1.52246762951551e-05
3.9096825396825396 1.4557335110618472e-05
3.9140362811791385 1.4072760593509317e-05
3.9184126984126983 1.3785459710046544e-05
3.92281179138322 1.372193257372338e-05
3.9272108843537414 1.3926978368657892e-05
3.931609977324263 1.4450641151604878e-05
3.936031746031746 1.5341670491282972e-05
3.9404535147392292 1.6627326275637183e-05
3.9448526077097505 1.8319775232428282e-05
3.9492517006802723 2.0410282519120683e-05
3.9536507936507936 2.2884111822139255e-05
3.9580498866213154 2.5713767382658393e-05
3.9624263038548753 2.887615461869083e-05
3.9668027210884356 3.234445396378152e-05
3.9711791383219954 3.609379300791201e-05
3.9755328798185943 4.010699284725858e-05
3.979909297052154 4.435625054402714e-05
3.984263038548753 4.882742166663095e-05
3.9886167800453514 5.349162363640558e-05
3.99297052154195 5.833078639148779e-05
3.997324263038549 6.332610604681254e-05
4.001700680272109 6.845998726373842e-05
4.006054421768708 7.370901375617764e-05
4.010385487528345 7.90513971984841e-05
4.0147392290249435 8.447103897440064e-05
4.019092970521542 8.994424123428036e-05
4.02344671201814 9.544927342058758e-05
4.02780045351474 0.00010096417282357214
4.032154195011338 0.000106466818625829
4.036507936507936 0.00011193500569895633
4.040861678004536 0.00011734651788844283
4.045192743764172 0.00012268715663831648
4.049546485260771 0.00012794638807488056
4.05390022675737 0.00013308658331907352
4.058253968253968 0.00013808618490706638
4.062607709750567 0.00014292395891990015
4.066938775510204 0.00014760170775257277
4.071292517006802 0.0001520942413852395
4.075646258503402 0.00015636749532903905
4.08 0.00016040209827715323
4.0843310657596374 0.00016420930334758976
4.088684807256236 0.00016776191855905764
4.093038548752834 0.00017102530182034142
4.097369614512472 0.00017398939357858828
4.10172335600907 0.00017668363672878188
4.106077097505669 0.00017904463555075932
4.110430839002268 0.0001810580942138917
4.114761904761905 0.00018277673727288383
4.1191156462585035 0.00018412688262599134
4.123446712018141 0.00018510822747708647
4.127800453514739 0.00018576214369880181
4.132154195011338 0.00018601804468444205
4.136485260770975 0.00018592166727639798
4.140839002267573 0.00018544420625589766
4.145170068027211 0.0001845841325299503
4.149523809523809 0.00018336163396678534
4.1538548752834465 0.0001817492746220041
4.158208616780046 0.00017977885731991776
4.162539682539682 0.00017743771280736146
4.166893424036282 0.00017472515444226364
4.171224489795918 0.00017169044918966854
4.1755555555555555 0.00016829792249712158
4.179886621315193 0.00016457100435829616
4.184240362811791 0.0001605652816239806
4.188571428571429 0.0001562686391200222
4.192902494331066 0.00015170716494891266
4.197233560090703 0.00014691174467107863
4.20156462585034 0.0001419149319886258
4.205873015873016 0.00013676317862427504
4.210204081632654 0.00013152047508182906
4.21453514739229 0.0001261979896436129
4.218843537414966 0.00012092216714874486
4.223151927437642 0.00011573010329486626
4.227460317460317 0.00011072465110550594
4.231768707482994 0.00010600719216953051
4.236054421768707 0.00010173421975330091
4.240340136054422 9.800633087112134e-05
4.244625850340136 9.49854232569673e-05
4.248911564625851 9.281325017491715e-05
4.253174603174603 9.161986484545365e-05
4.257460317460318 9.152902261597589e-05
4.26172335600907 9.258754833564494e-05
4.266009070294785 9.482262475739624e-05
4.270272108843537 9.819999679448162e-05
4.274557823129252 0.0001026612841644886
4.278843537414966 0.0001080929294733368
4.2831519274376415 0.00011438155076506153
4.287437641723356 0.00012143890659149857
4.291746031746031 0.00012912048187093685
4.296054421768708 0.00013733378784745072
4.300362811791383 0.00014598395123158311
4.304693877551021 0.00015497365508863867
4.309002267573696 0.00016427968302157246
4.3133333333333335 0.00017378074364153212
4.317664399092971 0.00018343350717393974
4.321972789115646 0.00019320282740324478
4.326303854875284 0.00020304130898429583
4.330657596371882 0.00021290898044296836
4.3349886621315195 0.00022277148837211453
4.339319727891157 0.00023258388321410915
4.343650793650793 0.0002423045907719264
4.348004535147393 0.0002518982095998176
4.35233560090703 0.00026141353808974637
4.3566666666666665 0.00027073231440070077
4.361020408163266 0.00027987997350112224
4.365351473922902 0.0002888324704933587
4.3697052154195015 0.0002975438420865099
4.374036281179138 0.0003060365077583436
4.378390022675737 0.0003142526864485724
4.382721088435375 0.0003221971428145322
4.387074829931973 0.00032986356913867316
4.39140589569161 0.0003371777687068363
4.395759637188209 0.00034424488111169875
4.400113378684807 0.0003509251700642858
4.404444444444445 0.0003572780101187644
4.408798185941043 0.00036329799847816777
4.413151927437641 0.00036890640108983074
4.417482993197279 0.0003741835678231791
4.421836734693878 0.0003790840549565843
4.4261904761904765 0.0003835549184753108
4.430521541950114 0.0003876677212353704
4.434875283446712 0.0003913974827891432
4.439229024943311 0.000394686641943169
4.443560090702948 0.00039757412537894045
4.447913832199546 0.00040010414233970434
4.452267573696145 0.0004021898204596931
4.456621315192744 0.0004038315561347401
4.4609523809523814 0.000405144114996701
4.46530612244898 0.0004060272871490877
4.469659863945578 0.00040647246319802205
4.473990929705216 0.0004065325867702745
4.478344671201814 0.0004062367713782587
4.482698412698412 0.0004055159203909849
4.487052154195012 0.00040437598310505337
4.491383219954648 0.00040292919615698844
4.4957369614512475 0.00040109421513912175
4.500090702947846 0.0003988618568563912
4.504421768707483 0.00039628495713491267
4.508775510204082 0.0003934075588892254
4.51312925170068 0.00039016035339521876
4.517482993197279 0.00038655394147813014
4.521814058956916 0.0003827178737923236
4.526167800453515 0.00037855035916916344
4.5305215419501135 0.0003740578535106128
4.534852607709751 0.00036934083595865355
4.539206349206349 0.0003643618011418856
4.543560090702948 0.0003590958897527447
4.547891156462585 0.0003536364220471152
4.552244897959183 0.0003479658115743394
4.556598639455783 0.00034204931437589704
4.560929705215419 0.00033599827417809836
4.5652834467120185 0.00032976381517469994
4.569614512471656 0.00032333395283320207
4.573968253968254 0.0003168422547397377
4.578321995464853 0.00031017592507353307
4.58265306122449 0.0003034287270725734
4.587006802721088 0.0002965946020685539
4.591337868480726 0.00028966742502769264
4.595691609977324 0.0002827256629594834
4.6000226757369616 0.00027570058118688956
4.60437641723356 0.0002687097349212542
4.608707482993197 0.00026166648999735657
4.613061224489796 0.0002546827562716688
4.617392290249433 0.0002476976423379756
4.6217460317460315 0.00024077416630718446
4.626077097505669 0.00023391900003395601
4.630408163265306 0.00022710875219815802
4.634761904761905 0.00022044643378701887
4.639092970521542 0.00021387132612771153
4.643424036281179 0.00020740325642375012
4.647777777777778 0.00020110154357943445
4.652108843537415 0.00019495697708383814
4.6564399092970525 0.00018897075740732623
4.660770975056689 0.00018316027684021034
4.665102040816326 0.00017754113999438073
4.669433106575964 0.00017212710919451508
4.673786848072562 0.00016693252681058716
4.6781179138321995 0.00016196677045942086
4.682448979591837 0.00015723034926316284
4.686757369614512 0.00015273078990087692
4.69108843537415 0.00014848197407350618
4.695419501133787 0.00014448064332282432
4.6997505668934245 0.00014072716615876394
4.704081632653061 0.0001372200702926508
4.708412698412698 0.0001339560946990964
4.712743764172336 0.00013093025196426778
4.717074829931973 0.0001281359003892514
4.721383219954649 0.0001255745194337373
4.725714285714286 0.00012323983767973895
4.730045351473923 0.00012110595714482547
4.73437641723356 0.00011916003270258011
4.738707482993197 0.00011738809188589605
4.743038548752835 0.00011577515431074274
4.747369614512472 0.00011430535568219486
4.751700680272109 0.00011296207557653276
4.756031746031746 0.00011172806818339406
4.760362811791383 0.0001105855951870485
4.764693877551021 0.00010951655996565903
4.769024943310658 0.00010850264229186164
4.7733560090702944 0.00010752543272688145
4.777687074829932 0.00010656656591337895
4.782018140589569 0.00010560785198950424
4.786349206349207 0.00010463140536783966
4.790702947845805 0.00010363361618843958
4.795034013605442 0.00010260550838708803
4.79936507936508 0.00010151268831714787
4.803718820861678 0.00010036257419858638
4.8080498866213155 9.91408804911565e-05
4.812403628117914 9.782711684599318e-05
4.816734693877551 9.643253204885532e-05
4.82108843537415 9.492959798147822e-05
4.825419501133787 9.332243520606408e-05
4.829773242630385 9.16075061005766e-05
4.834126984126984 8.976263471897313e-05
4.838458049886621 8.780631815539346e-05
4.8428117913832205 8.572471679203471e-05
4.847165532879819 8.35084582811438e-05
4.851519274376417 8.11580455023055e-05
4.855850340136055 7.86759858832045e-05
4.860204081632653 7.606834598329395e-05
4.8645578231292514 7.332546301739501e-05
4.868911564625851 7.044898912139422e-05
4.873265306122449 6.744086918499156e-05
4.8776190476190475 6.43033491826834e-05
4.881995464852608 6.104623652900919e-05
4.886349206349206 5.7672901548870564e-05
4.8907029478458055 5.41824078374097e-05
4.895079365079365 5.05873802657171e-05
4.899433106575964 4.690280902175e-05
4.903809523809524 4.3141999235922534e-05
4.908185941043084 3.9322827936904494e-05
4.912562358276644 3.547273648468119e-05
4.9169614512471655 3.164527641007406e-05
4.921383219954649 2.7897591705097738e-05
4.925804988662132 2.433993143427444e-05
4.930272108843537 2.114806725481168e-05
4.9347619047619045 1.8612882332061124e-05
4.9393197278911565 1.7153583110717115e-05
4.9439002267573695 1.7160105298544988e-05
4.94843537414966 1.8702348311693078e-05
4.952947845804989 2.1464819476405804e-05
4.957414965986395 2.5047958751978378e-05
4.961859410430839 2.915449469992025e-05
4.96625850340136 3.359371165186805e-05
4.970657596371882 3.8255758980613545e-05
4.975056689342404 4.306678861072695e-05
4.979433106575963 4.797178942472862e-05
4.983809523809524 5.293769736826853e-05
4.988185941043084 5.793527732106432e-05
4.992539682539682 6.294351065670843e-05
4.996916099773243 6.795159145323058e-05
5.001269841269841 7.292831747845894e-05
5.005646258503401 7.786985939642513e-05
5.01 8.276307305833921e-05
5.014353741496599 8.758306460165454e-05
5.0187301587301585 9.23205318534994e-05
5.023083900226758 9.698367640864823e-05
5.027437641723356 0.00010154087683913623
5.031791383219955 0.00010598159015492551
5.036145124716553 0.00011029541292490545
5.040498866213152 0.00011447211381109401
5.0448752834467125 0.00011850826870500287
5.049229024943311 0.00012239943447947234
5.053582766439909 0.000126124975236661
5.057936507936508 0.00012967587414768414
5.062290249433107 0.00013304346004905764
5.066643990929705 0.00013621943940652048
5.070997732426304 0.0001391959277256356
5.075374149659864 0.00014197474274547895
5.0797278911564625 0.00014455641838496136
5.084081632653061 0.00014692030308323904
5.08843537414966 0.00014906069438607147
5.092789115646259 0.00015097244524722405
5.097165532879819 0.00015265582348578655
5.101519274376417 0.0001541372041045035
5.105873015873016 0.00015538217934879813
5.110226757369615 0.00015638830164221428
5.114603174603174 0.00015717662334385085
5.118956916099774 0.00015775777732824348
5.123310657596372 0.00015810207888470947
5.127687074829932 0.00015825281093259208
5.132040816326531 0.00015819992677847247
5.136417233560091 0.00015794959060658483
5.1407709750566895 0.00015753304262851228
5.14514739229025 0.00015694745245751422
5.149501133786848 0.00015620978822913732
5.1538775510204085 0.00015536724311285692
5.158253968253969 0.00015440663688729
5.162630385487528 0.00015336160711147364
5.1669841269841275 0.00015227893032721682
5.171360544217687 0.00015118507013525025
5.175736961451247 0.00015010474888224305
5.1801133786848075 0.00014907592306473614
5.184512471655329 0.00014813905640976858
5.188888888888889 0.00014735873988581122
5.193265306122449 0.00014675466376175636
5.197641723356009 0.00014636339372232955
5.202040816326531 0.00014625029377297917
5.2064172335600905 0.0001464569567564744
5.210816326530613 0.00014700263076563262
5.215192743764172 0.0001479586509228399
5.219591836734694 0.00014931991431307116
5.223968253968254 0.0001511397292588307
5.228367346938776 0.00015341725981971068
5.232743764172335 0.00015616955524437546
5.2371428571428575 0.00015939788660737034
5.241519274376417 0.00016309875284296234
5.245918367346939 0.0001672392352166507
5.250294784580499 0.0001718476875392693
5.254671201814059 0.0001768535213510609
5.259047619047619 0.00018223688173636343
5.2634240362811795 0.00018797326301652173
5.267800453514739 0.00019403359477716567
5.272176870748299 0.00020038437118860504
5.2765532879818595 0.00020698782344890387
5.28092970521542 0.00021380213478804105
5.28530612244898 0.00022078169707558188
5.2896825396825395 0.00022787740767763086
5.294036281179139 0.000235118373682364
5.298412698412698 0.00024240163171859787
5.3027664399092975 0.00024972406295690634
5.307142857142857 0.000257044032617774
5.311496598639456 0.00026434589970043154
5.315850340136055 0.0002715444651842127
5.320226757369615 0.00027871335218489034
5.324580498866213 0.0002857371219215398
5.328934240362812 0.00029259251685749256
5.333310657596372 0.0002992782671336097
5.33766439909297 0.0003057975628319085
5.34201814058957 0.0003120820351017373
5.346371882086168 0.0003181122384258066
5.3507256235827665 0.0003238690009553543
5.355079365079365 0.0003293334952229562
5.359433106575964 0.00033448730914919145
5.363786848072563 0.0003393125170778636
5.368140589569161 0.0003437917505698443
5.372494331065759 0.0003479082686826202
5.376848072562359 0.00035164602745980705
5.381201814058957 0.00035498974835346465
5.385555555555555 0.00035792498530133653
5.389909297052155 0.00036043819018158525
5.394263038548753 0.000362516776368126
5.3986167800453515 0.0003641491801096055
5.40297052154195 0.0003653249194562564
5.407324263038549 0.0003660346504606512
5.411655328798186 0.00036632718312937625
5.416009070294785 0.0003661475129433341
5.420362811791383 0.00036548550872115236
5.424716553287982 0.0003643364112956102
5.429070294784581 0.00036269680869037874
5.4334013605442175 0.0003606027118747587
5.437755102040817 0.00035806300020697196
5.442108843537415 0.0003550333431180037
5.446462585034014 0.00035151548000013913
5.450793650793651 0.00034753184908771105
5.455147392290249 0.0003431451558271801
5.459501133786848 0.00033828494736024196
5.463854875283447 0.0003329583139310949
5.468185941043084 0.00032722873041156916
5.472539682539683 0.0003210984065696761
5.476893424036281 0.0003145305260834326
5.481224489795919 0.00030756309818002597
5.485578231292517 0.0003002627542530019
5.489931972789115 0.0002925636562139831
5.494263038548753 0.0002845048607085601
5.498616780045351 0.0002761608281484816
5.50297052154195 0.00026746617950019504
5.507301587301588 0.0002584814422582956
5.511655328798186 0.000249244043406047
5.516009070294785 0.0002397126773416035
5.520340136054422 0.00022998272109171723
5.52469387755102 0.00022002345389896338
5.529024943310658 0.00020985693162914516
5.533378684807256 0.00019955123121599038
5.537732426303855 0.0001890594458815736
5.542063492063492 0.0001784793201538761
5.546417233560091 0.00016777116351589458
5.550748299319728 0.00015699393944325414
5.555102040816327 0.00014615752695522948
5.5594331065759635 0.00013528231230820344
5.563786848072563 0.0001244067530636494
5.568117913832199 0.000113530792707393
5.5724716553287985 0.00010270537656370998
5.576802721088436 9.192304181504366e-05
5.581156462585034 8.123643851103385e-05
5.585487528344672 7.063827374481802e-05
5.58984126984127 6.0177751526631863e-05
5.594172335600907 4.984958767702217e-05
5.598526077097506 3.970025831742038e-05
5.602879818594104 2.9730852835693696e-05
5.6072335600907035 1.9971235655081158e-05
5.611609977324263 1.045347803062951e-05
5.6177777777777775 3.6836427182870907e-06
5.6223129251700685 1.2454909375991433e-05
5.626666666666667 2.1076612324246323e-05
5.631020408163265 2.9422406682103284e-05
5.635374149659864 3.7464716928742256e-05
5.639705215419501 4.52028149310294e-05
5.6440362811791385 5.261270808226172e-05
5.648390022675737 5.9690268705704185e-05
5.652721088435374 6.643953029147713e-05
5.657052154195012 7.284391204170021e-05
5.661383219954649 7.890109978463686e-05
5.6657142857142855 8.461077215602333e-05
5.670045351473923 8.99745568930846e-05
5.67437641723356 9.499597742462273e-05
5.678707482993198 9.968039018053778e-05
5.683038548752835 0.00010403491309061473
5.6873696145124715 0.00010806834578617726
5.691700680272109 0.00011179108205879655
5.696031746031746 0.00011521501516740962
5.700362811791384 0.0001183534366178183
5.704671201814059 0.00012123061521693447
5.709002267573696 0.0001238851786084703
5.713333333333334 0.00012630999856344082
5.717641723356009 0.00012854600412112355
5.721972789115647 0.00013063315389564136
5.726281179138322 0.00013257834198711002
5.7306122448979595 0.00013444255928185084
5.734920634920635 0.00013624536412091333
5.73922902494331 0.0001380099887026666
5.743560090702948 0.00013982003084424597
5.747868480725623 0.00014167847378993587
5.7521768707483 0.00014362503770550217
5.756485260770975 0.00014570087829565785
5.760793650793651 0.00014794452757684054
5.765124716553288 0.0001503995983575286
5.769433106575963 0.00015309475536475184
5.77374149659864 0.00015605045367924396
5.778049886621315 0.00015929022962066916
5.782358276643991 0.00016283245337400383
5.786666666666667 0.0001666899586170187
5.7909750566893425 0.00017086974078888304
5.795283446712018 0.00017537272692260146
5.799591836734694 0.0001801936191373486
5.803922902494331 0.00018533770432025516
5.808231292517007 0.00019080641165878704
5.812539682539683 0.000196552095828292
5.816848072562358 0.00020254604098470614
5.8211791383219955 0.00020883837427461104
5.825487528344671 0.00021532533560605062
5.829818594104308 0.00022203214069707917
5.834126984126984 0.00022889738992178135
5.838458049886621 0.00023593634967292526
5.842789115646259 0.0002430572979204731
5.847097505668934 0.0002503094847111779
5.851428571428571 0.000257617040925835
5.855759637188209 0.0002649403410278099
5.860090702947846 0.00027225761961395236
5.864399092970522 0.00027958122070699217
5.868730158730159 0.0002868570998556634
5.873061224489796 0.00029404873421092804
5.877392290249433 0.0003011318227713782
5.88172335600907 0.0003080817665701335
5.886054421768708 0.00031487376267262614
5.890385487528345 0.00032148289826953064
5.894716553287982 0.0003278842446164983
5.899047619047619 0.00033405295058995337
5.903378684807256 0.0003399643356443475
5.907732426303855 0.00034559744491415554
5.912063492063492 0.0003509779786668035
5.916394557823129 0.0003560383666032935
5.920725623582767 0.0003607552822515518
5.925056689342404 0.0003651059724674874
5.929387755102041 0.0003690683438443204
5.93374149659864 0.0003726962121612475
5.938072562358276 0.0003759232774803237
5.942403628117914 0.00037870818710679637
5.946757369614512 0.0003810320934584856
5.9510884353741496 0.00038300046879547936
5.955419501133787 0.0003844791222799492
5.959750566893424 0.00038545165998663856
5.964104308390023 0.0003860207273776184
5.96843537414966 0.0003860837799645812
5.9727891156462585 0.0003856046480840058
5.977120181405896 0.0003847264067379303
5.981451247165533 0.0003832865860689913
5.985804988662132 0.00038134679450669266
5.990136054421769 0.00037892515067132525
5.994489795918367 0.0003759258131607019
5.998820861678005 0.0003725068930006665
6.003151927437642 0.00036849537939846863
6.0075056689342405 0.0003640333401537631
6.011836734693878 0.00035901118728318485
6.016190476190476 0.0003535201854964609
6.020521541950114 0.000347489919293207
6.024875283446712 0.00034099734827406687
6.0292063492063495 0.0003339687728322794
6.033560090702948 0.0003265089639345503
6.037913832199546 0.0003185057914999338
6.042244897959184 0.0003101133008637878
6.046598639455782 0.0003012165114307982
6.050929705215419 0.0002918825983317053
6.055283446712019 0.000282143196551129
6.059637188208617 0.00027195566949630534
6.0639682539682545 0.00026137786830104877
6.068321995464853 0.000250445550267127
6.072675736961451 0.0002391353607647506
6.07702947845805 0.0002274776768326199
6.081383219954649 0.000215503656343144
6.085736961451247 0.00020324513479753848
6.090090702947846 0.000190734520402292
6.094444444444445 0.0001780046877840325
6.098798185941043 0.000165088870701923
6.103151927437642 0.00015202055411862417
6.107528344671202 0.0001389022427668258
6.111904761904762 0.0001257746438077325
6.116281179138322 0.000112764684290042
6.120680272108844 0.00010001048372098463
6.125079365079365 8.776670145604113e-05
6.129501133786849 7.637122039897113e-05
6.133968253968254 6.641563552257919e-05
6.138458049886621 5.8796025412453586e-05
6.142993197278912 5.468922220761703e-05
6.147551020408163 5.503687702360978e-05
6.152086167800453 5.975656958634443e-05
6.156575963718821 6.783586212597246e-05
6.161043083900227 7.812686295629364e-05
6.16546485260771 8.978342907228202e-05
6.169863945578231 0.00010225649813984486
6.174263038548753 0.00011520231325543509
6.178639455782313 0.0001284189007971804
6.183015873015873 0.0001417403916975906
6.1873696145124715 0.00015507382216956204
6.191746031746032 0.0001683463721352959
6.19609977324263 0.00018149056991288663
6.2004535147392295 0.0001944453850338348
6.204807256235828 0.00020717862887563568
6.209160997732426 0.00021965896155408634
6.213514739229025 0.00023185599499304745
6.217868480725624 0.00024374039236769809
6.222222222222222 0.00025528396353959395
6.226575963718821 0.0002664597561171743
6.23092970521542 0.0002772421417923171
6.235283446712018 0.0002876068976227178
6.239637188208617 0.0002975312819505855
6.243968253968254 0.0003070478108870236
6.248321995464853 0.0003161092014474205
6.252675736961451 0.00032467985326865
6.25702947845805 0.0003327429120794641
6.261360544217688 0.00034033740742529263
6.265714285714286 0.0003474429324989797
6.270068027210884 0.00035400702866510484
6.274421768707483 0.00036001933590342454
6.27875283446712 0.00036557104366384487
6.283106575963719 0.0003705718873626489
6.287460317460318 0.0003750048262377379
6.291791383219954 0.00037891651388135904
6.296145124716554 0.00038232585237361677
6.300498866213152 0.0003851643259402516
6.304829931972789 0.00038743590789805344
6.309183673469388 0.00038926172619352525
6.313537414965986 0.00039052672321727365
6.3178911564625855 0.0003912370095440034
6.322222222222222 0.00039147556149467423
6.326575963718821 0.0003912231132912417
6.33092970521542 0.00039044305034156466
6.335260770975057 0.00038916284591285303
6.339614512471655 0.000387482113228235
6.343968253968254 0.0003853122586953371
6.348321995464853 0.000382669579066998
6.35265306122449 0.00037962275798201714
6.357006802721089 0.00037619292929647307
6.361360544217687 0.0003723425374937205
6.365714285714286 0.0003680926271717972
6.370045351473923 0.00036351079454166553
6.374399092970521 0.0003586163858267027
6.378752834467121 0.0003533857485760462
6.383106575963719 0.00034784356025221964
6.3874603174603175 0.00034201530324066997
6.391791383219955 0.0003359801212046158
6.396145124716553 0.0003297176830846586
6.400498866213152 0.0003232418647212862
6.404852607709751 0.0003165801572283426
6.409206349206349 0.0003097603878670606
6.413560090702948 0.00030281061503527963
6.417913832199547 0.0002957590229997657
6.422267573696145 0.00028863381676992844
6.426598639455783 0.00028146408832563434
6.430952380952381 0.0002742784000362293
6.4353287981859415 0.0002670966848043628
6.43968253968254 0.000259955848692688
6.444036281179138 0.0002528791151523249
6.448390022675737 0.0002458926638875839
6.452743764172336 0.00023902199657281663
6.457097505668934 0.0002322918469131416
6.461451247165533 0.00022572609425708167
6.465827664399093 0.00021936479026093842
6.4701814058956915 0.00021326505993417476
6.474535147392291 0.000207400949821868
6.47891156462585 0.00020181797550062713
6.4832653061224494 0.00019657200048806478
6.487641723356009 0.00019162615294021222
6.491995464852608 0.00018708437282114216
6.496371882086168 0.00018288627106335318
6.500725623582767 0.00017911517134480118
6.505102040816326 0.00017574617046770284
6.5094557823129255 0.00017279139961260916
6.513832199546485 0.00017030201377218727
6.518208616780045 0.00016823048952596708
6.5225623582766445 0.00016659686192923987
6.526938775510204 0.00016542123300561658
6.531315192743764 0.00016465149685566076
6.535668934240363 0.00016431017143001448
6.540045351473923 0.0001643741599539655
6.544399092970521 0.00016480605024362857
6.548775510204082 0.00016562688911667331
6.55312925170068 0.00016677086975584808
6.55750566893424 0.0001682460151363555
6.561859410430839 0.0001700245397473551
6.566213151927438 0.0001720615682903527
6.5705895691609975 0.0001743505429315908
6.574943310657597 0.00017689112268572682
6.579297052154195 0.000179634498864175
6.5836507936507935 0.0001825637315176154
6.588004535147393 0.00018566130179887056
6.592358276643991 0.00018890918833850263
6.59671201814059 0.00019228894421837017
6.601065759637188 0.0001957817742102182
6.605396825396825 0.00019938844870341665
6.609750566893424 0.00020309769705203207
6.614104308390023 0.00020687181468838437
6.6184580498866215 0.00021069117634402707
6.622789115646259 0.00021457225532233408
6.627142857142857 0.0002185033640304371
6.631496598639456 0.00022242958183216522
6.635827664399093 0.00022638948156103274
6.640181405895691 0.00023034787227351998
6.644512471655329 0.00023426532877558905
6.648866213151927 0.00023820501881398389
6.6532199546485264 0.00024205866760891587
6.657551020408164 0.00024590961609664185
6.661904761904762 0.00024966184345491776
6.6662358276644 0.0002533659953908712
6.670589569160998 0.0002569644627697712
6.674920634920635 0.00026047545670034
6.679274376417234 0.0002638679605360402
6.683605442176871 0.00026713757435907937
6.6879591836734695 0.0002702726295900198
6.692290249433107 0.00027325155490991496
6.696643990929705 0.00027607897991950336
6.700975056689343 0.00027871762496524795
6.705328798185941 0.00028118911939744245
6.7096598639455785 0.00028343842616902705
6.714013605442177 0.00028550813309261735
6.718344671201814 0.0002873203942171532
6.722698412698413 0.0002889454382344404
6.72702947845805 0.0002902750990570148
6.731383219954648 0.00029141609215256164
6.735736961451248 0.0002922293159177607
6.740068027210884 0.0002928420311943393
6.7444217687074834 0.0002931208993478212
6.74875283446712 0.000293153219846754
6.753106575963719 0.00029286932604050304
6.757437641723356 0.00029228869108593336
6.761791383219955 0.0002914184733486545
6.766122448979592 0.0002901974612983977
6.770476190476191 0.00028872247749251037
6.774829931972789 0.00028687596144494673
6.7791609977324265 0.0002847464448673727
6.783514739229025 0.0002822800324024979
6.787845804988662 0.0002794670109965261
6.792199546485261 0.000276375950430432
6.79655328798186 0.00027291596275062313
6.8008843537414965 0.00026915780480163913
6.805238095238096 0.0002650792575074875
6.809591836734694 0.000260643415999603
6.8139229024943315 0.0002559437455176559
6.81827664399093 0.0002509079072519119
6.822607709750567 0.00024553316216247825
6.826961451247166 0.00023991423611898703
6.831315192743764 0.00023396972321287223
6.835668934240363 0.00022771045927474419
6.84 0.00022121319380185426
6.844353741496599 0.00021442562511410633
6.8487074829931975 0.00020735305792765775
6.853038548752835 0.00020003512898059218
6.857392290249433 0.0001924854218630288
6.861746031746032 0.00018468521189762707
6.86609977324263 0.00017664936962912684
6.8704308390022675 0.00016840279951581367
6.874784580498867 0.00015997324469677895
6.879138321995465 0.00015134776061408197
6.8834920634920636 0.00014254279908165702
6.887845804988662 0.0001335751363444928
6.892199546485261 0.00012446182816345776
6.89655328798186 0.00011522016533180319
6.900907029478458 0.00010586762975424472
6.905260770975056 9.642185121104702e-05
6.909614512471656 8.690056492029254e-05
6.913990929705216 7.734957050239265e-05
6.918367346938775 6.777886668986361e-05
6.922743764172336 5.8259539209930137e-05
6.927120181405896 4.886176221221648e-05
6.931541950113379 3.971380936581283e-05
6.9359863945578235 3.1108353400997635e-05
6.940521541950114 2.3735462864245107e-05
6.9452154195011335 1.9365494648747067e-05
6.949977324263038 2.048238583326644e-05
6.954580498866213 2.622317073713897e-05
6.959092970521542 3.402507599341869e-05
6.9635147392290255 4.264281191228476e-05
6.967913832199547 5.158454627432119e-05
6.972312925170068 6.064028125515814e-05
6.976666666666667 6.971121172740081e-05
6.981043083900227 7.87391708042442e-05
6.985396825396825 8.765457356080918e-05
6.989773242630386 9.64620805089495e-05
6.994126984126984 0.00010511432292917873
6.998480725623583 0.0001135921760173722
